1026163
1029883
1048898
1092223
1095950
1104822
1107322
1120487
1121146
1138789
1142648
1174034
1178933
1180623
1194245
1196703
1234577
1265011
1275226
1279187
1290001
1304238
1308815
1309862
1309928
1311427
1318154
1325378
1344109
1348839
1350871
1369427
1377037
1380187
1386190
1407199
1428576
1443987
1454105
1461039
1461397
1462561
1471608
1478714
1498435
1519960
1538697
1549767
1554852
1580885
1583498
1591974
1628023
1647753
1672627
1684790
1708481
1719814
1770937
1788518
1813024
1840246
1879556
1889987
1899541
1899766
1901791
1920172
1926823
1928468
1928711
1933416
1938838
1942961
1957016
1981834
2014774
2053345
2105462
2107300
2113161
2119459
2123696
2123822
2126527
2142273
2144716
2145344
2149670
2223935
2255611
2263361
2273090
2301097
2306273
2334070
2349191
2381350
2405051
2410362
2418439
2422028
2422124
2428182
2436758
2440351
2445473
2487851
2508146
2521902
2539467
2570919
2582051
2583982
2595111
2604453
2608024
2661382
2701351
2715381
2747570
2761150
2780674
2797271
2814346
2902937
2912128
2914899
2930651
2970067
2970352
2981719
2990110
2997235
3000417
3008625
3022517
3051469
3061805
3077516
3083584
3089671
3100845
3109618
3110030
3146987
3159360
3162258
3166237
3184817
3192298
3230963
3261427
3268023
3303240
3316112
3336851
3404338
3444041
3458276
3460521
3512534
3513209
3514430
3516805
3575442
3588692
3598670
3612024
3632192
3644548
3678611
3679123
3687906
3699959
3726728
3736534
3749351
3763614
3767285
3827284
3843202
3849564
3855375
3873657
3899935
3931668
3935189
3952783
3964573
3970712
3988950
3997746
4004516
4029097
4039937
4069112
4070218
4070230
4079235
4085487
4087315
4101250
4138725
4140799
4188819
4200689
4201275
4208302
4211194
4220183
4225097
4227345
4239988
4247271
4273436
4279205
4308403
4314151
4329806
4346080
4356407
4362810
4384423
4422336
4431699
4434710
4440555
4443336
4480713
4482408
4504210
4519591
4522442
4526458
4527509
4529130
4551149
4551943
4552320
4559148
4565576
4593593
4615726
4625318
4628642
4630191
4631725
4676444
4687654
4706698
4712932
4781300
4788425
4788555
4789453
4867461
4903227
4917747
4937110
4960261
4979915
4992627
5003343
5040379
5059979
5078008
5088916
5109456
5112771
5119420
5128658
5133831
5135681
5143215
5166172
5180813
5193438
5211737
5214712
5232403
5261130
5291304
5313665
5329735
5356826
5359881
5373613
5375567
5393122
5396924
5406512
5416108
5444356
5478663
5486621
5498641
5503273
5524509
5532877
5679890
5693886
5702273
5710533
5715894
5739303
5756383
5776044
5791174
5801450
5836336
5839165
5866883
5892738
5909172
5938031
5944659
5948006
5950491
5950558
5954866
5973383
5977544
5995671
5996741
5999375
6000203
6018285
