1005153
1014221
1016693
1023515
1026758
1030754
1050043
1055771
1059534
1061832
1061857
1065899
1083035
1083840
1091100
1092109
1099110
1125177
1126311
1126819
1133737
1135292
1135668
1143088
1156722
1159292
1159332
1159793
1167835
1170061
1171273
1181367
1196961
1197454
1197918
1198133
1201385
1205737
1206988
1209298
1212037
1218828
1236262
1240674
1241070
1250089
1252467
1257332
1273042
1288276
1299103
1305078
1308103
1312312
1318791
1323601
1337727
1349089
1371563
1397921
1400749
1403146
1406744
1413801
1414818
1424205
1430883
1454432
1455241
1459206
1468116
1480980
1486278
1487300
1496912
1502722
1502998
1506962
1510689
1518409
1523183
1527247
1527436
1530748
1535133
1543851
1553682
1557978
1562016
1574754
1579610
1591974
1593444
1594910
1613121
1615063
1630581
1643341
1652869
1654009
1654561
1657260
1663344
1674838
1675502
1682642
1684351
1687960
1688722
1690013
1692340
1693792
1708218
1711118
1714332
1717918
1746485
1747704
1755459
1756366
1760642
1762961
1766510
1766788
1771845
1772351
1784109
1785060
1786492
1791461
1796154
1796638
1803986
1804109
1804879
1809314
1811553
1812084
1815095
1820616
1822596
1825929
1848576
1851269
1853415
1856058
1856189
1861359
1863019
1875485
1879999
1898017
1898246
1907705
1909647
1912026
1921460
1926582
1929807
1967371
1967526
1975368
1982130
1984857
1996493
1998016
2006002
2007575
2019189
2029148
2033181
2047777
2048590
2070255
2070840
2076489
2094531
2109230
2110996
2111071
2111380
2114710
2124813
2125289
2125960
2126195
2131206
2136246
2143495
2152664
2153021
2157274
2162545
2167824
2169297
2178991
2180295
2195110
2210928
2213003
2216752
2220597
2222620
2227285
2230761
2237078
2240157
2244134
2251725
2254583
2263054
2263788
2265340
2266232
2268187
2269221
2281919
2307496
2310100
2317841
2329816
2346796
2351128
2353365
2354060
2357510
2364321
2378161
2378190
2380232
2392980
2400526
2408105
2446323
2449436
2450118
2456776
2464447
2468851
2491717
2496924
2497234
2502059
2506096
2509901
2521902
2524850
2531704
2533431
2533665
2541181
2550650
2555488
2557735
2560667
2561548
2568175
2568309
2595702
2605083
2606602
2611362
2619113
2619739
2619951
2633218
2634216
2639019
2651163
2657680
2658457
2667175
2669399
2677703
2685653
2687527
2701351
2701463
2708104
2718617
2719950
2722569
2723529
2724398
2729565
2730092
2731770
2732273
2732589
2732665
2746234
2752414
2752906
2755724
2784136
2788001
2819190
2832262
2839182
2847329
2847855
2850173
2868828
2874942
2888414
2903827
2923898
2941331
2945390
2947653
2955863
2969921
2970352
2971495
2971547
2978930
2984604
3008366
3009723
3019604
3022278
3030560
3036555
3036758
3039510
3051695
3060134
3079901
3080726
3082815
3084540
3084878
3087359
3088865
3100442
3104052
3104144
3107631
3125734
3129951
3138981
3141115
3156616
3158273
3159654
3159741
3160254
3171038
3196590
3201510
3209299
3211797
3235274
3238379
3242992
3246408
3250831
3255508
3260580
3262192
3267584
3268023
3269528
3275624
3276017
3280418
3297010
3303744
3312524
3333118
3335898
3345753
3347041
3351650
3351808
3352095
3361840
3364895
3365369
3368171
3372353
3373853
3375481
3384645
3387264
3390049
3390832
3403971
3405143
3407843
3418333
3423892
3435524
3438425
3438760
3440440
3442184
3442726
3452994
3457623
3473372
3483002
3483447
3485222
3490161
3491547
3492492
3513021
3514430
3521920
3525910
3526378
3536343
3546497
3555919
3567645
3574088
3574624
3579950
3582288
3582824
3619307
3654310
3658056
3670624
3674999
3675078
3676690
3678399
3683267
3697203
3712400
3716100
3721651
3733578
3739166
3744190
3754217
3756458
3756612
3764565
3765656
3766423
3773157
3777689
3778042
3791271
3794434
3794801
3803297
3803644
3822316
3826304
3827284
3829673
3843165
3846666
3852678
3862955
3870162
3872663
3873368
3890983
3898364
3903483
3905395
3908717
3915768
3919974
3920070
3925363
3928752
3929793
3930212
3936222
3936325
3938375
3938441
3965422
3996340
4020268
4032637
4037274
4048692
4055868
4063648
4084796
4089824
4090161
4103687
4106891
4118685
4122364
4122561
4123837
4130842
4133000
4133673
4148266
4150977
4156811
4167364
4176221
4179371
4182178
4187156
4198236
4204643
4206567
4227371
4234153
4239970
4242758
4243396
4250762
4252540
4262684
4263360
4273551
4276299
4276943
4281880
4304852
4308403
4314201
4317898
4319007
4327211
4329176
4329950
4330436
4344880
4363025
4377081
4379426
4384892
4391498
4393872
4396093
4396453
4396533
4399684
4402755
4423149
4435249
4437734
4441727
4472536
4496431
4498544
4504649
4515010
4541329
4547630
4551667
4558335
4561937
4562441
4578538
4582763
4596074
4599880
4602316
4603550
4612195
4613060
4624677
4626397
4640833
4648283
4648523
4649814
4656241
4667569
4691337
4700638
4701066
4718692
4719467
4729437
4730236
4742560
4750368
4771689
4778509
4779432
4793299
4793429
4798974
4800234
4805412
4812925
4816205
4821454
4821784
4827492
4829499
4840218
4846112
4863235
4863438
4876195
4879350
4882655
4899570
4902564
4904401
4908288
4910842
4928446
4936727
4941679
4968927
4969375
4977565
4980132
4985550
4988440
4992822
4993735
4996837
5007668
5007953
5011762
5018430
5040396
5046085
5056325
5061262
5067452
5101324
5108274
5113759
5114662
5125796
5133702
5134281
5151940
5157060
5167330
5180602
5180840
5183897
5190115
5194706
5194759
5196921
5197730
5199725
5202097
5213599
5214712
5216484
5222421
5235907
5236857
5237225
5247470
5252349
5254149
5259072
5276489
5278037
5284592
5287625
5297959
5299807
5300503
5304985
5315018
5320314
5327357
5328970
5332790
5342799
5344553
5350374
5355702
5379693
5381283
5401328
5405497
5421611
5430780
5438561
5444833
5445211
5448052
5452130
5454519
5466389
5467910
5469180
5469510
5480881
5488836
5492942
5499848
5503273
5519370
5528695
5530139
5535016
5538403
5540503
5541434
5554750
5564364
5569601
5574176
5605286
5619110
5650973
5654748
5655658
5661558
5667698
5668351
5672046
5681077
5689946
5703152
5708518
5709965
5714119
5738190
5745354
5754324
5761226
5763190
5763414
5764637
5784478
5794707
5800950
5804726
5811211
5820245
5825000
5829166
5833505
5843633
5845635
5852036
5863204
5864244
5883774
5884661
5899776
5908842
5917465
5918907
5930171
5942368
5948107
5958421
5959972
5964446
5968057
5970450
5975225
5982008
5985114
5985721
5994164
5999681
