1527502
3820285
2775839
2139336
5173625
5205040
5516231
2558704
1544742
3960749
4370728
1913759
4434956
1078777
1304633
4979750
1043691
3104052
4299556
2138490
1730952
5945249
1866015
2055631
3074749
4221474
5500135
5865235
4507756
4163137
3717290
3449014
3821614
4298745
3836613
5446362
5463617
3594460
3384897
3574624
2237078
2975392
1753861
3732048
1794010
4515010
2663192
4953753
4585180
3116761
2752671
3518969
5056065
4746707
2085700
3060134
3152555
3202330
3265370
4284300
2599822
4260644
1116925
3640434
3241724
3898337
1991566
4701066
5557140
2562156
3620612
4169379
1340958
1678238
5490715
1031357
3646282
5753283
1130072
3090972
3042447
1633736
2683978
4935827
4756560
4682296
3485222
4590944
4984563
3928752
1697196
4617896
3705991
1762904
2682969
4372380
3441052
4826019
2510236
4427809
5074427
5634256
4145204
3267584
4952932
3697754
4793506
2274465
1914438
1162290
1787236
3707912
4937741
2101184
3666817
5270050
5270984
3150074
1780590
2841024
4822709
1651112
3351641
2824528
4108766
5286716
3239467
3695780
3894671
1275465
3280096
4731349
4189895
5986292
3862955
1403146
5755879
3936325
1801123
4661355
5049256
5151940
3975920
4760571
3851003
