2157018
4570926
3170642
5207131
3045026
4916960
4807323
2130431
1983282
3109236
1849034
5257497
4710141
2172624
3298887
2781046
3396036
1690013
6016733
4974344
5631374
2904165
5567968
5893947
5191008
5194658
3753324
2778896
4981381
3128830
1381077
4121223
1837474
3611028
3654720
4872437
4936727
4105351
3044566
5140945
4799867
4293043
3399470
1425795
5467429
4788576
3157373
2811122
5120342
1675796
1118130
1293223
5901889
1897249
3065514
5222680
2103226
5015419
1537113
5226215
1005620
1593535
2573334
1315598
4921353
4542753
3019402
4594025
1565605
4112307
5499829
4415352
4307942
4649944
1441643
5723141
1066088
5583901
5723861
5241356
5005935
2608359
2040999
1490427
4243240
5486887
3211225
4002256
4661482
4382783
3339502
1724078
1387430
4715323
2863845
5180813
1014104
1172263
3157674
4022257
1461493
4715977
2097051
4137574
4506425
5806496
5973832
5678263
2242409
4464299
2945287
4740786
5600755
3658056
5600400
6025818
5201060
2305800
2696028
3661418
1940126
2962818
4785210
2665299
5226417
5634263
3125501
1062854
2451519
3607444
3872447
4488587
1178557
3050508
5610366
4890393
2358182
1471401
3800365
2768856
5545841
5493673
4854832
3802968
4239993
4027186
5246372
2332159
5880100
4634686
5874706
4021689
3214201
4266600
4620671
1381266
3026057
3983299
4667895
3373853
5195417
3492084
2846119
4284840
1000695
1910039
4721548
3178485
3555232
4893419
1530409
1493478
4416703
4021991
2413610
3378750
4531237
3820077
2261149
4669420
4500687
2130894
1842112
4752105
4635141
1821643
4297678
5477497
5540503
1638971
5890830
2036436
5719900
4460376
3040258
3194031
4901317
5684203
2909197
4030682
1498426
3697172
5992851
3298110
1357586
2517651
3099548
2996747
1652898
