1007015
1017758
1031357
1036222
1065565
1073416
1075015
1078777
1079396
1091100
1093104
1102633
1106482
1119240
1123520
1130072
1132943
1134342
1157105
1186844
1188995
1211689
1223354
1233094
1250511
1261830
1286990
1295041
1298361
1304633
1323080
1324670
1334899
1345752
1354895
1364739
1370732
1388986
1401436
1435982
1439557
1442603
1450815
1452750
1454432
1459206
1495005
1496233
1506633
1518806
1524746
1529369
1530748
1533544
1543268
1544742
1567203
1590135
1592138
1592219
1595063
1604054
1605708
1615063
1629703
1632079
1643341
1645996
1651112
1664310
1665377
1678238
1685134
1690481
1696475
1697196
1698842
1718149
1730651
1730952
1753861
1767814
1780590
1785060
1794010
1801123
1805659
1812084
1836579
1837057
1842320
1845167
1866015
1880895
1900090
1913759
1914438
1919080
1933510
1935962
1991566
1991675
2002244
2020640
2030876
2035838
2049205
2055631
2056817
2057976
2062960
2081892
2085700
2128269
2138490
2139336
2141626
2150020
2168388
2170790
2217871
2223176
2229435
2274465
2279444
2309254
2321454
2326980
2329816
2336745
2353213
2354060
2372698
2377677
2378190
2382981
2383842
2385609
2410331
2411540
2417778
2421590
2427928
2448527
2453474
2456414
2459601
2463861
2465288
2467470
2485354
2485839
2498471
2505815
2519287
2534646
2540741
2562969
2585158
2587140
2595817
2595855
2599822
2614092
2625588
2637203
2649130
2650371
2656478
2663192
2664251
2667431
2667568
2679092
2683978
2710015
2712007
2755457
2761765
2770915
2771385
2775839
2803003
2812695
2814233
2849017
2892754
2902301
2915803
2918194
2926593
2957690
2960695
2964901
2975392
2978930
2986647
2994989
3030560
3055405
3060134
3074749
3090972
3102094
3104052
3127941
3130193
3133200
3152555
3169007
3172500
3201510
3202330
3241724
3262192
3267584
3273424
3295543
3316701
3324697
3338263
3351641
3352078
3354599
3361276
3364685
3375947
3384897
3390049
3390832
3422232
3441052
3443309
3449014
3468725
3490254
3495042
3507539
3512272
3526024
3553683
3568955
3574088
3580016
3586332
3590140
3597214
3603758
3615549
3620612
3640434
3646282
3666501
3666817
3669242
3695780
3697754
3699874
3701680
3703474
3710521
3716933
3721003
3723972
3733578
3737267
3739166
3744070
3775388
3776681
3785136
3791021
3795355
3798814
3820285
3823679
3826390
3827622
3836613
3849244
3853054
3855210
3858145
3862955
3866664
3879285
3888020
3889318
3894213
3903324
3919691
3927181
3927869
3928752
3936325
3948041
3960749
3962901
3972752
3975920
3979301
3979835
3980751
4028435
4035057
4041334
4052395
4053773
4055868
4063562
4063583
4063810
4078334
4081590
4125365
4126480
4145204
4155103
4155832
4159068
4189895
4215706
4239610
4246146
4264425
4271392
4274157
4284300
4297886
4298745
4299556
4308403
4311768
4319209
4342005
4348940
4349835
4370728
4372380
4376017
4381252
4384892
4398566
4409659
4427809
4434956
4437734
4441727
4456840
4470093
4485214
4490845
4509767
4509855
4515010
4525484
4525586
4525617
4529425
4529648
4547630
4561365
4584289
4585180
4590944
4599880
4612195
4617896
4624677
4632503
4657169
4661355
4662745
4667569
4689092
4701066
4702380
4714542
4724502
4729437
4731349
4732941
4741955
4746707
4756560
4760571
4774781
4793506
4832477
4844371
4863438
4880728
4908288
4916306
4937741
4951600
4952932
4953753
4966669
4972278
4979915
4992822
4996691
4997978
5003067
5007746
5014042
5020946
5042806
5045078
5053143
5054879
5056065
5065057
5067905
5074427
5075603
5086177
5103924
5117997
5151940
5161029
5183803
5193496
5200028
5206755
5218460
5235907
5266682
5270050
5270602
5286716
5290297
5291603
5315775
5329887
5344726
5351141
5351482
5353658
5365358
5371245
5376162
5391396
5412791
5415266
5421266
5435270
5446362
5448761
5463617
5499848
5506719
5516231
5542410
5542496
5543653
5557140
5560091
5564364
5582086
5607979
5625427
5634256
5638952
5646582
5649160
5656011
5680576
5681214
5706513
5707942
5710428
5724338
5724717
5731183
5733121
5738190
5740044
5747172
5753283
5755879
5762237
5763190
5767164
5775776
5801450
5843435
5849934
5857648
5865235
5873311
5884124
5884705
5899221
5945249
5948023
5986292
5990140
5993418
6004673
6006487
