1019823
1066850
1099712
1114334
1164163
1173659
1190392
1200774
1209161
1220163
1223622
1274854
1278067
1278594
1289336
1310792
1319514
1324160
1329419
1331954
1333974
1349490
1352081
1376274
1430725
1447264
1466621
1467611
1479961
1508849
1522846
1599470
1620875
1637836
1681385
1684199
1720332
1731834
1735079
1735540
1735773
1750134
1804517
1845284
1846503
1852321
1861736
1891779
1901113
1954481
1955352
1979185
1982425
1998642
1999256
2000576
2007614
2026638
2031558
2041970
2092257
2131264
2147874
2150887
2169905
2195062
2213771
2219846
2224862
2242540
2249991
2250707
2287733
2301625
2310916
2334025
2334491
2366085
2368534
2374943
2395461
2402100
2422629
2430439
2458654
2533371
2543538
2546483
2547496
2551019
2563835
2572586
2594235
2599610
2644898
2656251
2664640
2730395
2744373
2744538
2779911
2799591
2809427
2812551
2824824
2851495
2865752
2880112
2883182
2889975
2954093
3017336
3028503
3049710
3094431
3101875
3152341
3162393
3193733
3208658
3223796
3235769
3237962
3238132
3252571
3256701
3268728
3271278
3284789
3334986
3344238
3420045
3420139
3445410
3456459
3456703
3468635
3489973
3491083
3550327
3574400
3579507
3584448
3593968
3628806
3645230
3657716
3695336
3707823
3750886
3769403
3803364
3814440
3823273
3825888
3853612
3871048
3902381
3976589
4004221
4009108
4017351
4024145
4025168
4055505
4074833
4097074
4122024
4129872
4157687
4159429
4199661
4259218
4267826
4273873
4322751
4350007
4368417
4387550
4418854
4426331
4441796
4448394
4473769
4474847
4481069
4484206
4501219
4557825
4589417
4613738
4635094
4640476
4660223
4685402
4690578
4696032
4713154
4714821
4730275
4749436
4768846
4788053
4807323
4814629
4861076
4867943
4897881
4907424
4930734
4958937
4962153
4964477
4996761
5005903
5012955
5037154
5089507
5093499
5125593
5206720
5214423
5222680
5241696
5277082
5280731
5335286
5351588
5359042
5428423
5429753
5444064
5467276
5483842
5486184
5500399
5536463
5561454
5563090
5565751
5567351
5572695
5578389
5594611
5610003
5634357
5639742
5645214
5796762
5858306
5860727
5905295
5922906
5929399
1526698
5223348
3848556
1970230
3622048
1272267
5375570
1881839
4307942
3845135
2962333
1218336
2849020
3006411
2280677
3319548
5744842
4299616
4768063
2558704
2729075
2967530
3396036
1342059
2774811
5320122
2179992
1584533
5109424
1109172
3950393
4606230
1588250
1845468
5501079
1480338
1448250
3682753
4559310
2135019
4601864
2738307
5173625
4002329
2822379
5384001
4217802
5170751
2114752
3167943
2262383
3558815
2619175
5984580
5341587
4291865
5894155
5673467
5913689
4582619
3341892
1514023
2466012
4754342
1637718
4870886
1031899
3400403
3479846
1794672
2444152
3012020
2316935
5903910
4507564
1897492
3664943
1137895
1930961
5264596
3025974
2622785
3384282
4201051
4273498
2728058
1774828
2291748
2647073
5111103
4236236
1556864
2510236
4830296
5785133
2697965
1413303
1707601
5511330
1388640
3620494
4161718
2546601
3790185
2433024
2714491
1945620
2325793
5406700
4016995
5139439
1879193
3039817
3144198
3558567
4728431
3230331
4544907
