1055116
1064092
1439395
1576453
2153021
2742479
2998211
3033922
3101299
3319676
3456055
3791271
4205794
4423952
1823421
2230582
2760686
3047257
3077692
3395586
3869736
3950205
3978091
3988968
4577455
5667698
1111366
1325378
1373982
2342962
3084294
3373742
3417513
3789831
5057275
5103454
5373152
5610619
5719641
1202743
1921650
2832262
2945142
3630910
3724628
3916314
4022610
4846112
5892150
5958247
1426095
2543538
2844285
3144042
3455275
4133000
4375708
4388449
4801490
4881998
5645189
1156130
1463144
1826651
2729565
2989996
3053369
3319185
3772657
3831145
4048687
4797824
4945640
5067905
5283172
5672799
1205530
2582115
2734124
2797329
3409281
3823679
3936043
4106891
5116577
5499857
5605286
5681077
5763190
5889730
1182904
1395973
1555239
2266232
2872817
2885775
3528477
3920070
3927181
4261075
4714133
4992822
5045078
1510947
1713144
1722086
2048769
2110763
2371614
2454905
3143965
3439906
4585422
5014042
5680434
5775776
1134775
1213305
1216409
1851414
2211762
2589804
3298809
4005196
4182178
4885630
4908017
5321631
5405872
5590208
5805012
1376548
1765306
1853415
3718641
3791021
3888020
4134360
5047415
5059724
5200091
5938127
5970450
1061832
1111429
1323080
1413562
2393091
2455271
3753392
4182361
5247470
5609831
5745354
5789918
5826815
1428163
1654009
2167824
2227285
2271765
2319133
2955863
3826579
4039384
4202441
4363025
4441727
4596074
5353658
1303949
1350270
1500813
1578789
1953456
3212144
3962943
4041334
4101846
4111310
4404607
4956069
5129813
1131421
1308436
1711118
2644391
4005076
4585256
4926483
1398870
1450815
1629703
1859590
2247745
2605083
2874942
3846666
4201581
4365639
5756214
5899776
5984299
1100734
1196636
1629797
1779689
1805469
2602040
4531237
5086724
5901533
1353098
1505639
2246975
2314264
2615075
2808001
2925446
3168135
3174724
3344764
3516182
4306521
4472536
5415317
1408703
1841965
1965012
2434313
2664830
3191920
3351928
3957665
4104593
4525586
4527336
5175508
5196921
1097433
1842126
2194978
2394856
2541181
2564060
3707117
4094530
5103534
5190115
5479085
5563435
1319547
1342627
1479871
1924264
1984796
2224137
2372682
2439075
2601444
3370544
3684879
3733432
5894176
1274821
1615063
2256672
2532165
2533665
2971495
3142151
3482028
4247304
4378771
4410589
4515010
5566889
5665940
5930969
1352022
2392980
2456708
2511675
2544823
3039510
3794604
3840289
3860348
3961454
4021668
4121109
4318567
4823032
1075711
1759837
1801123
1896213
2521356
3428048
3444068
3870162
4284314
4529425
4624962
4649814
4715410
5512123
1272459
1567203
1811553
2115823
2281919
2297737
3371890
3693928
3940371
4390028
4409659
4425000
4717509
5372345
5745931
1479669
1585076
1851269
2406675
2755314
2847947
2978930
3203288
3563322
3619839
3869888
4190060
4368512
5864882
1489054
1929813
3365048
3669130
3739166
3822020
4365507
4605465
4691235
5278037
5424870
1059502
1192713
1991675
2283727
2301625
2914899
3159741
3381483
3782492
6002597
1055771
1815610
2035341
2669678
3008105
3453880
3574088
4513812
4882655
5061255
5098594
5141614
5586784
1557581
1887309
1953989
2467280
2775885
2904076
2939712
3513689
5119420
5381578
5418321
1421537
2178991
2714558
2971547
3911175
4152988
4299571
4419563
4595741
4666841
4996691
5078464
5463617
1643341
2076489
2652851
2728214
3100948
4367458
5654748
5754198
1771202
1852605
2383367
2595702
3546497
3644465
3925363
4062002
4524068
4612195
4882380
5731183
1073603
2141075
3221499
3384897
3499348
3695336
3742689
3957121
4145877
4696556
5449557
5677080
5908424
5998619
1200394
1375490
2126195
2200787
3269528
3442726
4492421
4624677
5423468
5471521
5523378
5963055
5984901
1088715
1756882
1935962
2472324
2661885
3036555
3093730
3252435
3692482
3966025
4627366
5315268
5379693
5771237
5774831
1120628
1420712
1674838
2106206
2726085
2825366
2892798
3688983
4151123
4397487
5582086
5896967
6008073
1264962
1545154
2505924
2662995
2665771
2665898
3204632
3208778
3483447
3486354
3738001
4977565
5451557
5672663
1199057
1467266
1508951
1678587
1897155
1977316
2016905
3276640
3586329
4638524
5413957
5787822
5982246
1305665
1642959
1706139
1899330
4010794
4272230
4298542
4562441
4806248
4845109
5738868
5747740
1557978
1775309
2977718
3220587
3444149
4297886
5125992
5403180
5430778
1302052
1461397
1734200
2143251
2145469
2353213
2438239
2768101
3202140
4026096
4046697
4906850
5121719
5337602
5488097
5859027
5972939
1261830
1447488
2902025
3302434
3788049
3809230
3919974
4030735
4740108
4787191
5191929
1015196
1088842
1256518
1781510
3888459
4120023
4375762
4382104
4589894
4781996
5027710
5551917
1031357
1045874
1365810
1468116
1525157
2498569
3013747
3068443
3181280
3619307
4069678
4667569
1820616
2032134
2739328
3631172
4807311
5083253
5132765
5284649
5339527
1075015
1518409
2701463
3040258
3292943
3297216
3483002
3825888
3863133
4059102
4196862
4402447
1169244
1196990
1207479
1828268
1920775
2731422
3176820
3349876
4098924
4575068
5442587
5644488
5851877
1730952
2600435
2678974
2935027
2937719
3046620
3282384
3919639
3997218
4503438
5226483
5286419
5962805
1688350
2026345
2139336
2392744
2704003
3478786
3580796
3995666
4302925
4399684
4568974
4901317
5175451
5853308
1678238
2595603
2797844
2952287
2957690
2979329
3060134
3469247
4812925
4901058
5250253
5865268
5989014
1163442
1506962
2567449
2856722
2902630
3017681
3224645
3280409
3628176
3932363
4725704
4785931
5023418
1126819
1780590
2300020
3229598
3351641
4009507
4751945
5823718
1063891
1413517
1847484
1902612
2015882
2933630
3041441
3557619
4381252
4561850
4840218
5547956
1483212
2816881
3240076
3812936
3858508
3906626
3947189
4169379
4596578
4916617
5054879
5099673
1221567
1354895
1813851
1987972
1991566
2162847
2213415
2809893
3442184
3588812
3683267
3684794
4087788
4949554
1093019
1442603
1690543
2479133
2498471
3852971
4051488
4426060
4928091
5498195
5686129
5922046
6016493
1849173
2135630
2519287
3211871
3300050
3403971
4281880
4283638
4376017
4591589
4849736
5066574
5276489
5454440
1784615
1926582
2536013
2985659
3108368
3377903
3761000
4730236
4820014
5133702
5526434
5592278
5831479
5865235
1664310
1882799
2001701
2686616
3111007
3301009
4242758
4484206
4653053
4824586
5843633
5937575
5999061
1978334
2949833
2965819
2970269
2993209
3432829
3732622
3962901
4299556
4423149
4450238
4689092
5090796
5512098
1119581
1863466
1962744
2147663
2519725
2591475
3490157
4242085
1289780
1614927
1754624
2691394
2795968
3002548
3150244
3153964
3821614
4286767
4401828
4785441
4837657
5260849
5421611
5607979
1133737
1140952
2210928
2679092
2708812
3009723
3773157
3853390
4791298
4976029
5059709
5220613
5864244
1181367
1252467
1506633
2216383
2255126
2560667
2606255
2881859
3555919
3768580
3955840
4330918
4597278
5186441
5325216
1218134
1523183
1688722
2082120
2346796
2599822
3202330
3725468
3812368
3914365
4377475
5462903
5819284
5894010
1257332
1431717
2100835
2610072
2735680
2956718
3033030
3331681
3640434
4713638
4903530
4914423
5393511
5741537
5754324
5919923
1143088
1161458
1797960
3098319
3149226
3208048
3384645
3474455
4112119
4192640
4910120
5421049
5794707
6007343
1656687
1658712
2574831
2988737
3063060
3338263
3389837
3525910
3612504
3657801
3906900
4274157
4376566
4497147
5299807
5891328
1221727
1535133
1607291
2509461
2527326
2580424
3873657
4407610
4485214
4863235
4912093
4913604
5016141
5041871
5053703
5791502
5922826
1156896
1311147
1404289
1518806
2561960
2919677
3326698
3375142
4306216
4313586
4484879
4867688
5180840
5247940
5322187
6008119
1645854
2378190
2579015
2718699
2940954
3002846
3299023
4015527
4349835
4587162
5051082
5444993
5754392
1379168
1453136
1780250
1998049
2399924
2466003
2644996
3309607
3425738
4030682
4267439
4541527
4722425
5175907
5595666
5845416
1211641
1762961
2833737
2934005
3160093
3200166
3886717
4622205
4713816
4967861
5223808
5266196
1043691
1676487
2056817
2861332
3250831
3329188
4531520
4570260
4717780
4762831
4875888
5328970
5469947
5574176
1777792
2204727
2308801
2443896
2542832
2693438
2754585
2877733
2881628
3211797
3415386
3738691
3823483
4267581
4779432
5134162
5368608
1730836
2082685
2089304
2192527
3238717
3509590
3538270
3552864
3649696
3678399
1043715
1156661
1728628
1879999
2052547
2136246
2319299
2923898
3327253
3688545
4036113
5024137
5662201
5693848
5893966
1570940
2524850
2579029
2653393
2901711
3805371
4097787
4190678
4236207
4532851
4715888
5278042
5785763
5861837
1706323
2223926
2433573
2562969
2622610
2997655
3898364
4145700
4541501
4788615
5003002
5118031
5784394
5907062
5947458
1666490
1853283
2561548
2771506
2875654
3029932
3372595
3508471
3660383
4329880
4865541
5215041
6004913
1174911
1886573
2173907
2183999
2259339
2687746
2783580
2878114
2888803
3153911
3688086
3705082
4154264
5240518
5990140
1214760
1611108
1856987
2784136
3482794
3674999
3975426
4925450
5021000
5051449
5205947
5282950
5291013
5579522
5681214
1312749
1624743
2392034
2433024
2604744
2677008
4208393
4442792
4608046
4928109
4928295
5332790
5335766
5500399
1253093
1712608
2143495
2244134
2936917
3398129
3620612
4556805
4582314
5123184
5167330
5256007
5411650
5461824
1075828
1156341
1361298
2954776
3290085
3791230
3965422
4319820
4631928
5147622
5368504
5381283
6014403
1079396
1239941
1415718
2199001
2225453
2493836
2657285
2849017
3126379
3347041
4003469
4238682
4467403
4895149
4966669
5013328
5707783
1592062
1751420
2388314
3061860
3273424
3475000
3624169
3899540
4161996
4519165
4610441
4979750
5307695
5374389
5815046
5885642
5937773
1005515
1557906
1946579
2273004
2555488
2645532
3137810
3490161
3531197
3573829
3782732
3789373
4865753
5269238
5524509
1022639
1113972
1378668
1384699
1888433
2503613
3323052
3373336
3541662
3722678
3945472
4289467
4443828
5181056
5319604
5764637
1413303
1821290
2150020
2225213
2579474
2701388
3262326
3276017
3407686
3639750
4138914
4268711
4470093
4785814
4902771
4985387
1360584
1374904
2339653
2619597
2874046
3155859
3169422
3707010
3860386
4618306
5161029
5228425
5265298
5287634
1881238
1899512
1913759
2076468
2759498
2805237
2928806
3138981
3427046
3794326
5223164
5612206
5700323
1668484
1794010
2308940
2732273
3218570
3699995
3838996
4275500
4402755
4449816
4515614
4996837
5474996
5893855
1315388
1483867
1764688
2522180
2861734
2921549
3037965
3503595
4047917
4055549
4088154
5056144
5237288
5930171
1529048
1756366
2030899
2294952
2408523
2534875
2777250
2801717
2809834
2921093
4091566
4855409
5892033
1819416
1954481
2317841
2918646
3398630
3547991
3803297
3931612
3963545
3990542
4060001
4768018
4836012
5257252
5343982
1616565
1865575
2491812
2613828
3090972
3390832
3590140
4086227
4230827
5376691
1120162
1203820
1295041
1620097
1786117
2181829
2409340
2696576
2828831
3254140
3407657
3755893
4633083
4988317
1214192
1865162
1959563
3351650
3695780
4089824
4182543
4250762
4296640
4470213
4710593
5141471
5213312
5226860
5987265
1243688
1667091
1973506
2209929
2544346
2691031
3435592
3795355
3981516
4294543
4470897
4643950
4715323
4950695
4959896
5264972
1521118
1585863
1690106
1969126
2525654
2561798
3016304
4546065
5041774
5137977
5173625
5829030
1041936
2126808
2762882
2923965
2957223
3495042
3550148
3730767
3898212
4305376
4505113
4878067
4899058
5641036
6004295
1302108
1481165
1698842
1857830
2025706
2822379
3272905
3360044
3386074
4201428
5166484
5216484
5265396
5689946
1527502
2049216
2605961
3008366
3552471
4042322
4189895
4319209
4672482
4771689
5776184
1081301
1176177
1384713
1539475
2262005
2415870
3723972
3908594
4263856
4626397
4831261
1091561
1487718
2230761
3953389
5007746
5221347
5458550
2378161
2960727
5536598
5553028
3187765
3493337
4151357
5488314
1176580
3015662
3642366
4703052
5262147
5275935
5813837
1047832
1747653
2167703
2264117
2982822
4198236
5533360
5632342
5923419
5986287
1395961
1545330
1775574
2372698
2384159
2663760
4061029
4186898
4407286
4924418
1044527
1069753
1907341
2206398
3653399
4746721
4780973
5080435
5249084
1662899
2994582
3108397
3557667
3894874
4739966
5200810
1316032
1404825
1606514
2633178
3242992
3267584
3373853
4285323
4972047
5120452
5795373
1044751
1594910
2229435
3232219
3487386
3960749
4558335
4780553
5246943
5728153
1119240
1452750
1626737
2580521
2892754
3368576
3449014
5009726
5344008
5592827
5691728
2200217
2278055
2512878
2975392
3390049
3488550
3532875
4682296
4702380
4860186
1205706
1413801
1425524
1668994
1796550
2087116
3017307
3039808
4585697
5315018
1203164
1261270
1929807
2165014
2656478
2984604
3047753
3472847
4079289
4247036
4635678
4667895
5538403
1591974
1837057
2140949
3216583
3473473
3853831
3930825
3959861
4219132
4497364
4649976
2011853
2033580
2039721
2209774
2365700
3280628
3655062
3979491
4220895
4616328
4638931
5284778
1110698
1530748
1707330
1943902
2412246
2420709
2688257
3104052
3506930
4183701
5219174
5232524
5490989
1541196
2007614
2088502
2239016
2240157
2812551
3171043
3196736
3825655
4768030
4881280
4931396
5048857
5156442
1152199
1299103
2037031
2160650
2252229
2865918
3132751
4870743
5044706
5199725
5983665
1052618
1552535
1593444
2348666
2420745
2731770
2791740
3506331
4385035
4627813
4648523
4827575
5620168
5760745
1767616
1806950
2094531
3695468
4078334
4317898
4438318
4993316
5296912
5387655
5488836
5556024
1914438
2178510
2196255
2331309
2412423
2809323
2842206
2863234
3281146
3654310
3678022
4387387
4688487
5852422
2976954
4725043
5260215
1078777
1783267
2074150
2839257
3033958
3503792
3979835
3984113
4257559
4276299
5172497
5645918
5710428
5727047
2159298
2649810
2909469
4004505
4242657
4246146
4607847
4836366
4844371
4857111
5586861
1964547
2192626
3152350
3337318
3390141
4091572
4139727
4377266
4456339
4617896
4758654
5956350
1035150
1175270
1236262
2032742
2525017
2839894
2963387
3278300
3383930
4369031
4371801
4510542
1063694
1401399
1510449
1715221
1937297
2310802
3206108
3209299
3418973
3696324
4578538
4985550
5099794
5251199
1118884
1249297
1654561
1976174
2428182
2884724
3121738
3214681
3297010
3352095
4396533
4701066
5559189
5749236
5833505
1040877
2271317
3321237
3356732
3984476
4096907
4980070
5251878
5257474
5278499
5440746
5462144
5890083
1240674
1548005
1876394
2059124
2357510
2454479
2999964
3163631
3561612
3683990
3912494
4024520
4553209
5617098
5785506
1609369
1636998
1763387
2290588
2721741
2819439
3219820
3245622
3286056
3286496
3361840
3546193
3748867
4631304
4732941
5049477
1434273
1885391
2708002
3100442
3713758
4797381
4921012
5580245
5593744
5679214
6020983
1142907
1940796
2722569
2800770
3438425
4201173
4417848
4543127
4842252
5072276
5340614
5528695
5534969
5985977
1061857
1748572
2053919
2657150
3156814
4902564
4997630
5018277
5174080
5211210
5211764
5656080
5846327
5933086
1203862
1335717
1375181
2070898
2318660
2615900
3003715
3030560
4494222
4635094
4794550
4920076
4990063
5069671
5892832
1076894
1088691
1753861
2069450
3475921
3730674
4344880
5194814
5305874
5498460
5505819
5537129
5649457
1135292
1267353
1535670
1748062
1958074
2019344
2298157
3697203
3707912
4511063
4704386
5190799
5289579
5429946
5565209
1007015
1208085
1534437
1560640
2156182
2419066
2575088
3485319
3514903
4190475
4396453
4753313
5208270
5480881
1413852
1825423
2103056
2152784
2269221
2486324
2918012
3212880
3625156
3675078
3697754
4282062
4735420
5144996
1305078
1513537
2898448
3186377
3255508
3464377
4062327
4425053
5356088
5942843
1414929
2600660
3075857
3303744
3600842
4141830
4281704
4501654
5595715
2243250
2666465
3244409
3401919
3579950
3776061
4107650
4125365
4424107
4451785
4525617
5144041
1100111
1748234
2929662
3009920
3045523
3964427
4206752
4237258
4792571
5011762
2277176
2448527
2547226
2568182
2599431
3731254
3850703
3911902
4124900
4191628
4440520
4486628
5051767
5440612
1544742
2123140
2363443
3019648
3075454
3129951
3802968
4022175
4427411
4636880
5102164
5305236
5469180
1013567
1845167
1999552
2380140
2736471
3084199
3264454
3458506
3495919
4237729
4880816
5065057
5145754
5595108
5638952
5734730
1125300
1273042
1342059
2167464
2723529
3463467
3669109
3872663
4046565
4078409
4396093
4397052
5161616
5584574
5797666
5880092
1102764
1833643
2256895
3371112
3423892
3500390
3725944
4037631
4387095
4554842
4883346
5165457
5316111
5396475
5597329
5632452
2637905
3122328
3330065
3416516
3890983
4382190
4750368
5017961
5661645
5706388
5778461
1023870
1171739
1462819
1480980
1679255
1748423
2386986
2542611
2609065
2850516
3800396
4820374
5462162
5898039
1442329
1785103
2320085
2772421
3889318
4379426
4619424
4768337
5403164
5592072
1023515
1218828
1409408
2670054
3372353
4053575
4334938
4482503
4690578
4777978
5181323
5387573
5445419
5670222
5863204
1005153
1099110
1519662
1819899
2124882
2321701
2448142
2611362
3080830
3428778
3780717
4879517
5224653
5469373
1252517
1600925
1717918
1858471
2531941
2625588
2669228
2752906
2878960
3991311
4185442
4227371
4910842
5014455
5791567
1746485
2349548
2847855
2979565
3143813
3548747
3564145
3757917
3910450
3922199
4130367
4879434
5190343
5254149
5349593
1001653
2180264
2181987
2262832
2303142
2557735
2663192
3125674
3203423
3463838
3690887
3907061
5309592
5508897
5665091
6003219
1329028
1753992
2435684
2672509
3416841
3533151
3648675
3825590
3893546
4350159
4892051
4926833
5048593
5070629
5769682
5948107
6002107
6013289
1293187
2131206
2260316
2336667
2591779
3597214
3802864
3829673
4246955
4467151
4731349
4803477
4908990
5920096
1172361
1861359
2114710
2245993
3082815
3420401
3448019
3643403
3652876
4048692
4119250
4254885
4592953
4815022
4881066
4978574
5228156
1042153
1319514
1367202
1440592
1927549
2038144
2357075
2460090
2595900
2947903
3107631
3477464
3701680
3707456
4142222
4200914
5007953
1211689
1579198
1804936
1901113
3027075
3520084
3619530
3814247
4253323
4724502
4793429
4903398
5056325
5442518
5448334
5960548
1164632
1186230
1778362
2002244
2111380
2280170
2783965
3238025
3457623
3490254
4290753
4592040
4596869
4637630
4957885
5516927
5584345
1738988
1868318
2497234
2513782
2614092
2826401
2868828
3789626
3915915
4066655
4342376
4391498
4844113
5211658
5626808
5638300
1222927
1233796
1295756
1412581
1496233
1789745
1804109
2633218
3388683
3634454
3689244
4572799
4661355
4730799
4812700
4835621
1388986
2276803
3019604
3234745
3261960
3577722
4303184
4434956
5123675
5129457
5252349
5481632
5493072
5573329
1166367
1359671
1570794
1980882
2735664
2806593
3063642
3076084
4486367
5125796
5461961
5675194
5870609
5915571
5968032
1031329
1197094
1198133
1828933
1987416
2485545
3084878
3641058
3822986
4782588
4816010
5289329
5449250
5780260
5985114
1968195
2418453
3016069
3112638
3618177
3635155
3805993
5100605
5417338
5627193
5720587
1156838
1246743
1261406
1925987
2023123
2462256
3081898
3115551
3564091
3603446
3749748
4208351
4682681
4916306
5183803
5197730
5418170
1324670
1486975
1969664
2453474
2510236
2771385
3190409
3560707
3633897
3711908
3820077
3865374
4536948
4786408
5744666
5999660
1254956
1568047
1815095
1877784
2046807
2111452
2536458
2847329
3295543
3401597
3799074
3805696
3836377
3947308
4866562
5723784
1273420
2122394
2761765
3071900
3093486
3716851
4093713
4134234
4433594
4494903
4547630
4569655
4570540
4627158
4832477
5675898
1086695
1497850
1532070
1663421
2068511
2530551
2992103
3242197
3722253
3732227
4018270
4092319
5344726
1052720
1103404
1204536
1275241
1278067
1665377
1776555
2589060
3172423
3691158
3778550
4661848
4997978
5469697
5761590
1317862
1346001
2387623
2835900
3197934
3245658
4325585
4389189
4967413
5362862
1328400
1962104
2575577
2597325
3117236
3163867
3183540
3299858
3726215
3756612
3985629
4007280
4234153
4641705
5350374
1136254
2012522
2698383
3346014
3352503
4302136
4368627
4384607
4556550
4726441
5075069
5422353
5948169
5979926
1403828
2261149
2533431
2947653
3102094
3197601
3421111
4065089
4149230
4373748
4473769
5023463
1436253
1813740
2194414
2415655
2774691
2951408
3325472
3338304
3381154
3830257
3907468
3940714
4163985
4538580
4601691
4653810
4839430
1140693
1207699
1360734
1581785
1748741
2236851
2313478
3143559
3423682
3869395
3890872
3953446
4243396
4662353
4717706
5446362
5577981
5744672
1349089
1593860
1761027
2117543
2437619
2585506
2918041
2992174
3184972
3308318
3383918
4069126
5137662
5345208
5459669
1873672
2260957
2279860
2307009
2414220
2744287
3589039
4064887
4136608
5841189
5966131
6011031
1180567
1271117
1311479
1407388
1785060
1967371
2365684
3015438
3668645
4166037
4190637
4576893
5021493
5185554
1016314
1317579
2648581
2683978
2894477
2941331
2944056
3744190
3843062
4101707
4128158
4665883
4690276
5253877
5401328
5803374
1185342
1667303
2208833
3270902
3707513
3954349
4059866
4184148
5294066
5453812
5573928
5624651
5803827
5852164
5916610
5960380
1059588
1875485
2211980
2611094
2977537
3383436
4124082
4181747
4463444
5695585
5735092
5790531
1144285
1579610
1861337
2076649
3111844
3216517
3333118
3425135
3431938
3486622
3622048
3676690
4231376
4273266
4421491
5353847
5775755
1102800
1123673
1224699
1988902
2311007
2370407
2581592
2752414
2936227
3902973
4747970
5500135
5569601
5960825
1394577
1686006
1873351
2694616
2736653
3504198
3806397
4490845
4627432
4821454
5220726
5331184
5375727
5501445
5955860
1216418
1386923
1586730
2222620
2306080
2775839
3403285
3462221
5451427
5866494
1127444
1196961
1620461
1897842
2469463
2798747
3359580
3747259
3845112
3926982
4151862
5075817
5164553
5579236
5664849
5825000
6009542
1033607
1098946
1115509
1193598
1575111
1831430
1957971
2417778
2561834
3514628
3699874
3903483
4771844
5067452
5617075
5983684
5993418
1164118
1271334
1437591
1573920
2085700
2502059
2776902
3039612
3401772
3956893
4061983
4410113
5128057
5593645
5861941
5889506
5893793
1701321
2195110
2652617
2667568
2677703
3146701
3430202
4019714
4084253
4623128
4671050
4986648
5493801
5576232
1433718
1527436
1955414
2237078
3450232
3624993
4159619
4233999
4428199
4479054
4941679
4992371
5152359
5297019
5660458
1960837
2659170
3060336
3125734
3354599
3655750
3787283
4040546
4937741
5185666
5199477
5656309
5983643
1219542
1329879
1512375
1606591
2091013
2521881
3055481
3837317
4508519
4690952
4752003
4785210
5068879
5244776
5448319
5740143
5756857
1208467
1289086
1750170
2142696
2182208
2509718
3144700
3208658
3302335
3401993
4213195
4976382
5118566
5183897
5527523
5671795
1025462
1159292
1205737
1387222
1456725
1588323
1863874
2527242
3080726
3754217
4155103
4238553
4329950
4589229
4816205
5845635
1388818
2251883
2876089
2987428
3580094
3821823
3936325
4593331
5216933
5448052
5522859
5819134
5887132
5923066
1138640
1263977
1794393
1897492
1925992
2072000
2110996
2313892
2437771
2587610
2802931
3014979
3338953
3836613
4801041
1009259
1519410
1555058
1904906
2157306
2278349
2692704
2724398
3180860
3764565
3894213
4330642
4462411
4964373
5224704
5966880
1055724
1092109
1267813
1503070
1947238
2212015
2596439
2746528
3364487
3894046
4837389
4951600
5113759
1052978
1188995
2007575
2407272
2513769
2777297
2964578
3454552
3877232
4691337
4977538
5114662
5534130
5672964
5755879
1081365
1363595
1411321
1431088
1531853
1919080
1936643
1963467
2306610
2366047
3922521
4673900
4841868
5441533
5473833
1051382
1137325
1688879
2227016
2718617
2896957
4334688
4342861
4970787
5173898
5589311
5818105
5818300
5862818
5991604
1004952
1209298
1315582
2114695
2349721
2351128
2704276
3601800
3975435
4453519
4611526
5107303
5126806
1133336
1147287
1269458
1507543
1556117
1663344
1795279
1929559
2329816
2657784
2822937
4426796
4609975
4636950
5032129
5869936
1278964
1297772
2522405
2528452
4324505
4611541
4663426
4715337
4853173
5038689
5151661
5405497
5726314
1248346
1249479
1371563
1678814
1907488
2007027
2303386
3755721
4004221
4029217
4527193
2045682
2681504
3875898
3917629
3964139
4901308
5128227
5517982
2093712
2386008
2730092
2833556
3273895
3974027
4024434
4664707
4781869
4842057
4992476
5858775
1235101
2585158
2684214
3304413
3666501
4469374
4683938
4699288
5411674
1044386
1200165
1230658
1538928
3104144
3392316
3586928
4746707
5133552
6025246
1343572
2063672
2819190
3179843
3541438
3576035
3647823
3956960
4339661
4574553
1621024
1675266
1822596
2196646
2701351
2755724
2798169
3402069
3826357
4561505
4856321
4969375
5596800
5650824
5806479
1667368
2168388
2529222
3159654
3335688
3782653
4200603
4793506
4846857
5138648
5511286
5530139
1394618
1407757
2103212
2581119
2634216
3544049
3716100
4828703
4937572
5255128
5679752
5785537
1126311
1162499
1276159
1451912
1495005
2220597
2262475
2719950
3052231
3703778
4140396
4264425
4446343
4471076
5060856
5068467
5703152
1163735
2042565
2124813
3244628
3526504
3760772
3821582
4518665
4656241
4716315
4752041
4756560
4993083
5563090
5724338
5744598
1270440
1881518
1935004
2494696
2623572
2733863
3003554
3102407
3826494
3902099
4262684
4825991
5181888
5382399
5558991
5737872
5756436
1102426
1260959
1377290
1578017
1842266
1933862
2429020
2994445
3119328
3958287
5536176
5882356
5975225
1148011
1712056
2472753
2605127
2940686
2984562
3385741
3586332
3692567
4057094
4239610
4241191
4252935
4588774
4650370
5671134
5767164
1016415
1305462
1307347
1412656
1553572
1731888
2180295
2730203
2994989
3257349
3624970
4159068
4299102
5558674
5735977
1303443
2213003
2547030
2642360
2801240
2910356
3191450
3262192
3843165
3975780
4263360
4534304
5254041
5613889
5804553
5930843
5952926
1326287
2036519
2596826
2727473
2732665
3151153
3599616
4420972
4614186
4780797
4903426
5090077
5373830
5619110
5968057
1108084
1361088
1510689
1680333
1943462
2314508
3362362
3613997
3943117
4101410
4190413
4822559
5917479
5990257
2318509
2408105
2439855
3180078
3304197
3615744
3826304
3852678
3879796
4329176
4455986
5151171
5423622
5695202
5713981
1157105
1625600
1950627
2019189
2055631
3156616
3273065
3938677
4114610
4988440
5199914
5440361
5936275
1002267
1220998
1772351
2430396
3058143
3514176
3936222
5381473
5482617
5852036
5863526
1180320
1261165
1998016
2021901
2111586
2656845
3002395
3646687
4297678
5555026
1214341
1391290
1557897
1671123
1993846
2502970
2510161
3217429
3440058
4379252
4771985
1135195
1426204
4276943
4872184
5037462
5450787
5500272
5535016
5667293
1315773
1645996
2070255
2687527
2733251
2915812
3010848
3633365
3769188
4498544
4815421
5033425
1065565
1718149
1898017
2242950
3584840
3617918
3910944
4740521
4969742
5260286
5824006
1250372
1961920
2084375
2522702
2865752
3330052
3664564
3774475
4297710
4445348
5228517
5660746
5790629
5884705
6006487
1135668
2263788
2295819
2761413
2958960
3405143
3574624
3779712
3980271
4335056
4665069
5164442
5506719
5713617
1207586
1410691
2511495
3337204
3603758
3943084
4362576
4389924
4647779
4940800
5293797
5525541
5655658
5974762
1279402
1657052
1844222
1926463
2049205
2057976
2138490
2837216
3335634
3770840
4052960
4719072
4963903
5020946
5408517
5517341
5521675
1024983
1912026
2459601
2674550
2979689
3674441
4175245
4208773
4567377
4748844
4800234
4828322
5628980
5707942
5789611
1064548
1193205
1223284
1514696
1537934
1674975
2164169
2710015
2918194
3014595
3185799
4378938
5063719
5314602
5326592
5432767
5557140
1097689
1527247
1623221
1650312
1786492
2651470
3675902
3876782
4136617
5441129
5611323
5668351
5824462
1451974
1573759
1898246
1908465
2414432
2674934
3460281
3853054
4465203
4631449
5062016
5390178
5493599
5596151
1613652
1826634
3088865
3287652
3344999
3939276
4070230
4147559
4150977
4210288
4740205
4777104
5074427
5248699
1397921
1605522
1685134
1766527
1902054
2069742
2302743
2346642
2844971
2956353
3700555
4377081
5086177
5159032
5789291
6026116
1077092
1410281
1414818
1846894
2096582
3183647
4264145
4661945
5415873
5562646
5957821
1061804
1123520
1159579
2567224
3290562
3487746
3505794
3635600
3666817
3866664
3878304
3929793
4122364
5056294
5278444
1210030
1966736
2110506
2491161
2764754
2869041
3335898
3422860
3478823
3913832
3915768
3919729
4191729
4865951
5713631
1973276
2275069
2371418
2394572
2522137
2568309
4255728
4574932
5200259
5502165
5575167
5672088
5751051
5956838
1029137
1199780
1375299
2121281
2938107
3661043
4242648
4319007
4679744
4732761
5145364
5473154
5738282
1014254
1025772
1550364
1905712
2955636
3061816
3096189
3325148
3351808
3475884
3845642
3963426
4594396
4820801
5111112
5215231
5740381
1400749
1669463
2036611
2682969
2763243
3455874
4053773
4075264
4206567
4307717
4410345
4486653
5238281
5808164
1106482
1536071
1835045
1956768
2589924
3176361
3204508
3485418
3737267
3843929
3990122
4240486
4367292
4497241
1627292
1890350
1943696
2252309
2575067
3703839
3868653
3900440
4507432
5083551
5510828
5688863
5713114
5875526
5927791
5970872
1091100
2468851
2766025
2770044
3178485
3616411
3669280
3873368
4083396
4280534
4420831
4564833
5683086
5982008
1295244
1652898
1708746
2332159
2558704
2965802
2991089
3438760
3466289
3469317
3531664
3843621
4975487
1213246
1955379
2378964
3072822
3304168
3759397
4284300
4351275
4435249
4807378
4911450
5054350
5297980
1290672
1302950
1637208
1674053
2246921
2888624
3056365
3496091
3867735
4806261
4928446
5119417
5534936
1014221
1170711
1818924
1834564
2394830
3190052
3330837
3679230
3756422
3842597
4378220
4430300
4500093
4808145
4893419
5271479
5515961
5776083
1103943
1290277
1463108
1511269
1984857
2001112
2630845
2967530
3165113
3294662
3392349
3910649
4987595
5954737
1199545
1520739
1549808
1741570
2062960
2260423
2621180
2650371
2764960
3735749
4199661
4930123
5197347
5577087
5898145
1907493
2406270
3018803
3262940
3470725
4032637
4159709
4530638
4688761
5501155
5627450
5717299
6017366
1116925
1980404
2648609
2678176
3064581
3158273
3578250
3879285
4319788
4853799
5206755
5652701
1989480
2292640
2855078
2979900
3285097
3352535
3358518
3612740
4157889
4166324
4182082
4290257
4924199
5021508
1065899
1134981
1149202
1489626
1747672
2150246
2851986
2895327
2939322
3590919
4367256
4446516
5368479
5591311
5796453
1170061
1188618
2251725
2809139
3305773
3338422
3862955
3875353
4552623
5107053
5245703
5344553
5469510
5500454
5560852
5848143
1312156
1313485
1319957
1399043
3209328
3235274
3381444
4470115
4647570
5004407
5015419
5133069
5372140
5554750
1063616
1229476
1304238
1454432
1713319
1946635
2364321
2745352
2906590
2929548
3771819
3849244
4697579
5236695
5836468
1726623
1755459
2260442
2463049
2645297
2895959
3115637
3804677
4420304
4471669
4683511
4700638
5061262
5222421
5560091
5999681
1672993
1765378
2553667
2800405
3646594
3791543
3859002
4227772
5293127
5323516
5590133
5804726
5940813
1174762
1474832
1594542
1613121
1965965
2082334
2126315
2219484
2365229
3179733
3352417
4103687
4778509
4805412
5046562
5162491
5881552
1471401
1655386
2227436
2276906
2345810
2779656
2814233
2839113
2926454
4575149
5122080
5464681
5689512
5986292
1026758
1417232
1791511
2414026
2646373
2755523
3541063
3624925
3765663
3970219
5994164
6005738
1228358
1866015
2170790
2506367
2731947
3105193
3291399
3348546
3964834
4029160
4143870
4237302
4551283
4593924
5497444
1210819
1941989
2125960
2144066
2325899
2502541
3154678
3261834
3301851
3392411
3729129
3768730
4015746
4401057
4923230
5556981
1083035
2010302
2045607
2058889
2143055
2505918
3581540
3647974
4845374
5151940
5270050
5347526
5392403
5479312
5763414
1159332
1435982
1550529
1866279
1982303
2798387
3044607
3811153
3832557
4100756
4640833
4859948
5458023
5710453
1413913
1910259
1982130
2190839
2235068
2421045
2659592
3159863
3232539
4081590
4330436
4358027
4504649
4539474
4767470
5681436
1854037
2040412
2157655
2337047
2496956
2770915
3029127
3147735
3363332
3765656
4359427
4624778
5166191
5570768
5974491
1502998
2115367
2267185
3378640
3511619
3638023
3771933
3822381
4179371
4202795
4602316
5247657
5566396
5636654
1143161
2252512
2578041
2662799
3334083
3542801
3776313
3837918
4298149
4353787
4904401
1896447
1915209
2106368
2203577
2274380
2703925
2794909
2913895
3172500
3179562
3668269
3741610
4381125
4585449
5254050
5855809
5980570
1511516
1745883
2630904
2643816
2802658
2892740
3485935
3497116
3577810
4055868
4201472
4452098
5180602
5417594
5445211
1603108
1630581
1834486
3057903
3719678
3831259
4675759
4858805
4870588
4880728
4941881
5040396
5117351
5134281
5811206
1137183
1436413
1741285
2409252
2477708
2671978
2838698
4616693
4682340
4706246
5219743
5438561
5542496
5919630
5934916
1286887
1920590
2044841
2535608
2692001
3276062
3375332
3440440
3475130
4314201
4397199
4822391
4835110
5101324
5674712
5752279
5906077
1363646
1767086
2456129
2540892
2708104
2718410
2981719
4252540
4501990
4635873
4864354
4888353
5533062
5613980
5834659
5936708
1730651
1971379
2285735
2657253
2769772
2991854
3738144
3803644
3948578
4545918
4863608
4909902
1677505
1839156
2213068
2395763
3079181
3455630
3678623
3793750
4585180
5183558
5226417
5247913
5491872
5685106
1246738
1274506
2286724
2364375
2649130
2972038
3000483
3798313
4210675
4910108
5019662
5541434
5943070
1164211
1625715
1644478
1667053
1749476
2242666
2633501
2850173
3096815
3437590
3491547
4152290
4190440
4920349
4927683
5582556
5905544
1429115
1455241
2568175
3182676
3431854
3750469
3942452
3955097
4118065
4176221
4491461
4653374
4785227
5029201
1288276
2096790
2696028
2704177
2913038
3352420
3908717
4271392
4531434
4653278
4694637
4702045
5222081
5459741
5757099
1638413
1645050
1939717
2033181
2265340
2596687
2913715
3250373
3846393
3922859
4089055
4388390
4894044
5171812
5734339
6008210
1045720
1171643
1306493
1550443
2664640
3133200
3184123
4092842
4118685
4420626
4436962
4875311
5237225
5430828
5897484
1373632
1742432
2128269
2242864
2545167
2702986
3223567
3720585
4378415
4836965
4858257
5108274
5362433
5454924
5575530
5887190
1781820
1798562
1996493
2053902
2338172
2715333
2885496
3133413
3664262
3680617
4024047
4052395
4724678
4875608
5452130
5718710
5950400
1250511
1318064
1921460
1953430
2714841
4266038
4672752
5006468
5438018
5628720
5858250
1133962
1620300
1779098
2074519
2144801
2667431
2743837
2769431
2974563
3035408
3400243
3743784
4582763
5002368
5193496
5529985
5819029
1337727
1923675
2060849
2321454
2624335
2636417
3848134
3866832
4086976
4496431
4953753
5351141
5468126
5537609
5787290
5919937
1304061
1359343
1723461
3574115
3929069
4145204
5096494
1249754
1762349
1915224
2000531
3349137
3799068
4280815
4418133
4457913
4488102
4676541
5369001
5465309
5623204
5796720
5940012
1096048
1336591
1652869
2501386
2929045
3005384
3093490
3812907
3989092
4286689
4618769
5058073
5076034
5093512
5493223
5650973
1502722
1727322
1803986
2037394
2342167
2622728
3008511
3082710
3279530
3493359
3766423
3860357
4261584
5355719
5829128
6009262
1003652
1598783
2583758
2945390
3549712
3555462
3778601
4385255
4560007
4718236
4989245
5062399
5110982
5745450
1424205
1580227
1727863
2738518
3096475
3238379
3364065
3480486
4187156
4267472
4287489
4304130
4377918
4808278
4890393
5314670
1212387
1323601
1909647
2524396
2550650
3051642
3485691
3834510
3961440
4060647
4804521
4984563
5458371
5631303
1773736
2135236
2210361
2265090
2410247
2472766
2600125
2732589
3036896
3042343
3241724
3928752
4127695
5498641
5780001
5903910
5917721
2067678
2389243
2573096
2573672
2657680
3158638
3168376
3324697
3810255
4020268
4135122
4549564
4551667
4946432
5232556
1334899
1525937
1713260
2111071
2160855
2343490
2770225
2888414
2993770
3266800
3723596
3736987
3777689
3894663
5235907
5466389
1169559
1194245
1730283
3127941
3569149
3781990
4445767
4464217
4995436
5365480
5577024
6008004
1003970
1070768
1423106
1523052
1691025
2345760
2562781
2789620
3110707
3225495
3812280
3901521
3903324
4028435
4384613
5573746
1019351
1488567
1520476
1791537
2012980
2518815
3092340
3804885
4267207
4327211
4654423
5363200
5807970
1174755
1490683
1531167
1729359
1808723
2595565
2783372
3273260
3277168
4327632
4449860
5416600
5433678
5598455
5726578
5973570
1448128
1677516
1684351
2549148
3015092
3534235
3690270
4215706
4424858
4505444
4812273
4984375
5076889
5334759
5355702
2157274
2842451
2946609
2956542
3013444
3142780
3658819
3893890
4640772
4750583
5109704
5194706
5257119
5602704
5714119
5787309
1125177
1185834
1234549
1304119
1487300
2047085
2048590
2269338
2820864
3204758
3347813
3538904
3702122
4239970
4670179
4993735
1568156
1976664
2152664
2178876
2420511
2902301
3318974
4602008
5304159
1102633
1522846
3751521
3859240
4501547
4736374
5217665
5381996
5488952
5764695
5818901
1211939
1548873
2667175
2749509
3186423
3979301
4848079
5634357
5758704
1205853
1840613
2171057
2472993
3483980
3646282
4076112
4340360
5771827
5929695
5947689
1268861
2463987
2491157
3092450
3291016
3299257
3443309
4786739
5011812
5304579
2503055
3125137
3553683
3580344
3990149
4420142
4561937
4943804
5035391
5203737
1143549
1722210
2777359
3230253
3567645
4614352
4758381
4798837
4842032
5038641
5053143
1318967
2274465
3306102
3428587
3617239
4330239
4427809
5137465
5554830
6005285
1240180
1619419
2354060
2362346
2947155
3099114
3754299
5099242
5666482
5702417
1241070
1809314
2022421
2310100
4205716
4342112
4591309
4729437
4984917
1276304
1697196
1779635
3675499
3919691
4577345
5207569
5336053
5829166
1201177
1377512
2449436
2496924
3173037
3364249
4279471
4341074
4447666
4657169
5329887
3518508
3693224
3749842
4067154
4409525
4571518
4575821
4863438
5230808
1096450
1147808
1276510
1825929
2867019
3150116
3655333
4189388
5259072
5734869
5821115
6020839
1274651
1387216
1621030
1769425
1832856
1848576
3143244
3194031
3225514
3778042
4354665
4786679
5079064
5383007
5692159
5790936
1181941
1403167
1431558
1504664
2639663
3232495
3564940
3979070
4569548
4693533
5483598
5511261
5815186
5917465
1593970
2226316
2485839
3160744
3278898
3406542
4033111
4289599
4538432
4686551
5064155
5391396
5564364
5775618
1126802
1204974
1374547
1837321
3269101
3599279
3611278
4195297
4315714
4348760
4383936
4566498
4925931
5740349
1308103
2619113
2728909
3161349
3310947
3312524
3418333
3866344
4172490
4503268
5445749
5692626
5931534
1241019
1690481
2093288
2366749
2446769
2534709
2669399
3266660
3779478
3869851
4336422
4468841
5252698
5793723
5913543
1392477
1428758
1793230
2292591
2298414
2489019
2513916
2595855
3589280
3712400
4715802
4741955
4810721
5138039
5510571
5747736
1298361
1651112
1793543
1919232
2609277
2969921
3087359
3211083
3343707
3733578
4090161
4233962
4719467
5365358
5531953
5664309
5685224
1791461
2631882
3070620
3141115
3441052
3673515
3675934
3962026
3982489
4117818
4669215
4754323
4903102
5389505
5709965
1085865
1134561
1304307
1574754
1714332
2061758
2166247
2992593
3824709
3829053
4090236
4758406
4923972
5502797
5593850
5740044
1747729
1863019
2584500
3289060
4494155
4719896
4859202
4878755
5154689
5331856
5351482
5600400
5615540
5829802
1304847
1796154
2115842
2340481
2355806
2549067
3100845
3523206
3628325
3639020
3845918
3926604
4069815
4464097
4922440
5136739
5728024
1080390
1289778
1498426
1662966
1760642
1819007
2160612
2169802
2658457
2835460
3035387
4089143
4291852
4512657
4631876
1011107
1232142
1836460
2403521
3001827
3776681
4150557
4659525
4952932
5286374
5469315
5627032
5762237
6000172
1158112
1540549
1684346
1884267
2378581
2462106
2556482
2726975
2830884
3318823
3377806
4257429
4599786
5048570
5236857
5395350
5504366
5725636
1017921
1138621
1688940
1875115
1920337
2151217
2892378
2960886
3079901
3246408
3568955
3938375
4584289
5224388
5487890
5504283
5568020
1699713
1750999
2514866
2857089
3366476
3473372
3687630
3996509
4191216
4202587
4547803
4672022
4980132
5056065
5333496
5449479
1255773
1303888
1304633
1341013
1430883
2341897
2703881
2968132
3618730
3752845
3790617
4955981
5330835
5505834
5648616
1041402
1051450
1357561
1607606
2972302
3134207
3375481
3470494
3758338
3874196
4129201
4883027
4977007
5448761
5742253
1348944
2060064
2164345
2182619
2370475
2736790
2851809
3003790
3174231
4133673
4718692
5300503
1490561
2286542
2299520
2527576
3025155
3047574
3311207
3592699
4116200
4635141
4760571
4829257
4879350
6005094
1239715
1310965
1330805
2309254
2491717
2750117
3864417
3883398
3887205
4019273
4060108
4136870
4603550
4609389
4806946
4997618
5625916
4248290
5773176
1237397
1314016
1606437
2022399
2106350
2180673
2452836
2792661
2870571
3151933
3214759
3307195
3453249
3704825
4518356
4547558
5954313
1110845
1406744
1514894
1847590
2069004
2383704
2582942
3228009
3405904
4029097
4206033
4506629
5058238
5287625
1080315
1809415
1963632
2121895
2547782
2588674
3494814
3638113
4049397
4331997
4462267
4624032
4774781
5282895
5307421
1027619
1502278
2131777
2294756
2600201
2812695
3258302
3952783
4069272
4859654
4979824
5111873
5285037
5607506
5830984
1332870
1403146
2182595
2591355
3130677
3459336
3526378
4007039
4238636
4372380
4676638
5270602
5676030
1781263
1812084
2296137
2380232
2472371
2649583
2868412
2903827
3200529
3674307
3922409
5058778
5320314
5761009
6003110
1039220
1159793
1500693
1865096
2336745
2696312
2986647
3220853
3623875
3668624
3747278
4115716
5516231
1035611
1265483
1272845
1371592
2635780
2950592
3132386
4031787
4182751
4437734
4469389
4909833
5401105
5861811
1196062
1304321
1474829
1732661
1766510
1856058
2279444
2871766
4183606
4482175
4656395
5175488
5253643
5412791
5743178
5873960
1201385
1206988
1659526
1810560
2047777
2275263
2280134
2608922
2737755
2840984
3158946
3621384
3621516
3858145
4170451
5052934
5770967
1181685
1293517
1525889
1758311
1917001
2906443
3163452
3468725
3604234
3970613
4230389
5305269
5457304
5738190
5786662
5881565
1842005
2162681
2193664
2322012
2395385
2718662
2755035
3511943
3512272
4169161
4260893
5321203
5492414
5691420
1057610
1607611
1630889
1723457
2081892
2796227
2839182
2842278
3237188
3432320
3615549
3639789
3931510
5144283
5189437
5802379
1289592
1467727
2220175
2817960
3171540
3352006
3355094
3618869
3836246
4067951
4201365
4514150
5598627
5959972
1898703
2044379
2389563
2598349
2778982
2793850
3127393
3365369
3645939
3926686
4080771
4168028
4248550
4908288
6000009
1167835
1237192
1592219
1909294
2103949
2119234
2228457
2422517
2651163
3034955
3883677
3961214
4060388
4314151
5077859
1016506
1671494
1905288
1956528
2442161
2601627
2713482
3502146
3615439
4256749
4393872
4703249
5022662
5188113
5376162
1326348
1503352
1812790
2075989
2316903
2531038
2945287
3340755
3344119
3407954
3549234
3568497
4116253
4420985
4589951
4704007
1615933
1912003
2292887
2787774
3070905
3508131
3972848
3980751
4104637
4156811
4335504
4958937
5071909
5214741
5731233
1195731
1524746
1708218
2070840
2275972
2387362
2828543
2829197
2880436
3519692
3731115
5397726
5631975
5896290
5978323
5995868
3226276
3448717
3470329
3616750
3727250
4078941
4397155
4768867
4842524
5156528
5490715
5635186
5694841
1002020
1055429
1628822
1747704
2221451
2298850
2634926
2693981
2993855
3661811
4063648
4561365
4681310
5007668
1103807
1131567
1887858
2169250
2422879
3569347
3744051
3904160
4032695
4467441
4937809
5300970
5448430
5975613
1147972
1561984
2185137
2263054
2467470
2486059
2915803
4199758
4771458
4964054
5072511
5192471
5233255
5689919
1084597
1237237
1577445
1810692
2112211
2121569
2368005
2509901
3268766
3397660
4673746
5122499
5273269
5757735
5790171
5885407
1115955
1156722
1289336
3332624
3458580
3464830
3925714
4296293
4831696
5317605
5697599
5729010
5808460
5824550
5860727
1324300
1370639
1492232
1530691
1938028
2007903
2254583
2776785
2960058
3086833
3152555
3521920
3658056
3822316
4199211
5222189
1176461
1595063
1615427
2429986
2730395
3072970
3169953
3755496
4065724
4355777
4741340
4924729
5202097
5938553
1089644
1279508
1529238
1682642
1842362
2083342
2217127
3187214
3569580
3951073
4418366
4611476
4660130
5605785
5625496
1035519
1677995
1767284
1768577
1771845
1791910
2141626
2169851
2296991
2737594
2960695
3794801
3922108
4100724
4540617
5166465
5822474
1360674
1995728
2931147
3140817
3201510
3262657
3274458
3485222
3621671
4042234
4054626
4348940
4599880
4658230
5720313
5819489
1121955
1248513
1356006
1648565
1801719
2191476
2500401
2545090
3058698
4238986
4770699
4820368
4893295
5800950
5972900
5987976
1673797
1724078
1820441
2465288
2531704
2548760
3238980
3355407
3900848
4369099
4890260
5052136
5270984
5945249
1115592
1286990
2285809
2485354
2967193
3158526
3272153
3275624
4093114
4357138
4431153
5010230
5045356
5664503
6006001
2351655
2378835
2580540
2943201
3058735
3086714
3796131
3907524
4018929
4455234
4977603
5164138
5284592
1349490
1660004
2481068
2527028
3113547
3131535
3722362
3734042
4056973
4167557
4200386
4411838
4860708
5048049
5613148
1024778
1029767
1084772
1637595
1906869
2209293
2214204
2708897
2875636
4209024
4648283
4826937
4935879
5122483
5211587
5478549
5706513
1203635
1532343
1997821
2018361
2186656
2292411
2374283
2404674
2623179
2715585
2781995
3478162
3535458
3963057
4381243
5724717
1016693
1401436
1945620
2007691
3570622
3758439
4159943
4537534
4710022
5206161
5841126
5976429
5986263
2418301
2542848
3034340
3205239
3344102
3834584
4189216
4304852
4687349
4818780
5476844
5540006
5635453
1234645
1325092
1543268
1783017
1796638
1935279
2074546
2489937
3168141
3182395
3910706
4541329
4581362
5328078
5363126
5421077
5678458
1271096
1543851
1581417
1655697
1656708
1745820
1850405
2361607
2424930
3171582
3376115
3794434
4409112
4912594
5522823
5847691
1325977
1583992
2009503
2042040
2101703
2222443
2279318
2363740
2447273
2447951
3216969
3988666
4345201
4687547
5219765
5726208
4522809
3027914
3562772
2439985
2582522
2872501
3541994
3598542
3738704
3760601
4376184
4439316
4470343
5467910
5811303
2486286
3171038
3678930
3769571
3887258
4038733
4342005
4553142
4583759
4818497
5037154
5076692
5216846
5327357
5360265
1460881
1779928
1871163
1882379
2009455
2097161
2326776
3004674
3144589
3460370
3546238
3811608
4639854
5626972
5967717
1331604
1689995
1738934
1935090
3234943
3844206
4604314
4979394
5536859
5667267
5913373
5924377
1931901
2177309
3256611
3412559
3632039
3814804
4586240
4905245
5044321
5298004
5723567
5747172
1685962
1821739
2271077
2384697
2403052
3843932
3844039
4713925
4749861
4899570
5632557
5676306
5859120
2232558
4768114
4871878
5583901
1144077
4057664
4986913
5288519
2360577
4964477
5410736
5462302
1070591
4155784
1302521
4724873
4886184
1900090
1938838
3074749
3174763
3302555
5942368
2335961
3535991
4739137
5649160
2619739
2902995
5076755
2109230
4284537
4397575
5579995
3667908
3737973
4228315
3503670
5202651
1953001
2333253
2458774
1788847
2803003
3348022
5499848
5883774
1201448
1864344
3154971
4300754
4371259
4575097
2600307
4849608
5100474
1919993
1971624
1223354
3959094
4285707
6010447
3317349
4167364
5233105
4787289
2746234
4122561
3509401
5032850
3599983
3780516
4579141
