5811303
3564091
2429948
5224108
3845112
5438009
3273895
3617918
5537129
5029201
4768631
1581204
3730674
4082657
5021508
5349077
5312566
5892738
2193664
1688879
2619113
1090299
6000009
5369912
2476806
1057175
1409993
1148503
1949470
2208512
5538677
2162587
1461749
3157373
5167330
4846963
2097051
3984700
4755697
1668024
3638113
4936058
4999158
4118997
4830167
5524125
2267479
1944670
1729185
4672482
3558174
2564815
4182256
5445749
5370515
1152732
2258170
4235862
3987044
2849017
5710630
2325793
3718767
5510706
1218032
2883417
3655333
5276426
5415475
3343504
5583901
5764637
2397714
1316032
2867019
3056656
5636539
3182699
5089507
1514023
5497816
5779497
4711205
3379064
1911060
5448334
1283521
2246975
5228091
5569568
4524625
4548983
3860357
5887190
5701348
2875636
3970712
3415416
5387655
4016995
1137811
4809275
4713816
2933630
2865918
5572695
3825888
2007614
4979750
1192981
5903910
5186795
3231370
4990977
3178577
4807323
2172624
4710141
1849034
1695690
3744070
2977537
3814440
5744842
5929399
3820285
1881839
4982748
2411540
4035057
1195581
3590589
1878651
1333513
4133657
4288301
2079986
3512680
3045026
3078592
1591729
2414898
1467611
3739782
2381171
3009571
4598172
2188349
4828333
1711434
3150276
1192009
4570926
3262047
3445410
3642537
5187159
4110862
1364535
5297207
4207020
2689099
2993494
4773824
2064218
1137895
1965448
1826328
2492737
5652247
5118138
4591747
4511683
2836466
1944160
5957602
5707298
2026095
5383947
2144975
2539028
1069833
1050183
1663253
3423789
3493893
4715977
1101708
1365760
