1101708
1157149
1276510
1373109
1433116
1552535
1583570
1627725
1652105
1897249
1908740
2029148
2157018
2390757
2412031
2417151
2551720
2574831
2658457
2857089
2875636
2889657
3178577
3182699
3258043
3315264
3402641
3442768
3560825
3575830
3619412
3635639
3684280
3826689
3840226
3941648
3981911
4029651
4112441
4128105
4130842
4204643
4298473
4370728
4484884
4489035
4665702
4808303
4845109
5035391
5055440
5128375
5186795
5194587
5228091
5328356
5348883
5366511
5538677
5673223
5734745
5780302
5803827
5892738
5918907
5948652
5949961
