1014104
1025550
1026801
1035611
1041402
1043691
1043715
1044527
1045720
1045874
1052720
1072611
1078777
1078801
1081365
1084597
1085865
1086861
1093104
1098946
1104822
1108084
1116925
1118130
1118884
1129308
1131567
1142326
1180094
1185342
1192009
1195581
1208085
1211641
1212387
1267353
1271117
1272459
1273420
1274651
1276159
1290672
1293187
1295041
1299945
1304238
1307347
1316032
1319957
1333513
1357561
1361298
1365810
1367202
1373632
1384699
1384713
1386923
1391290
1403828
1409408
1417232
1442329
1448128
1454105
1456725
1458414
1461397
1466818
1500771
1510689
1523052
1525157
1529336
1530409
1536071
1544742
1570794
1575596
1581417
1581785
1591729
1593860
1593970
1662966
1671123
1674838
1676487
1681244
1684346
1689995
1691190
1727863
1738232
1738988
1745883
1748423
1749476
1756300
1756882
1757368
1759837
1767086
1773736
1795279
1813851
1823752
1842112
1842266
1851414
1864344
1865162
1865575
1869138
1873351
1876394
1878651
1899541
1902054
1907488
1924264
1929807
1933862
1946579
1947238
1955414
1959563
1961920
1968195
1976174
1987972
1993452
1995728
2009503
2012428
2032742
2037394
2060849
2079986
2088502
2103056
2110763
2111452
2115842
2135236
2139336
2152784
2157274
2165014
2178876
2181987
2182619
2183999
2188349
2208330
2213068
2213625
2222443
2227016
2244134
2245993
2246975
2248081
2256895
2258170
2260316
2260547
2264117
2266822
2269338
2274465
2285143
2292887
2303142
2319299
2320389
2325899
2336667
2345760
2378964
2384159
2389563
2393091
2394856
2412031
2412246
2417778
2439855
2448142
2451519
2456708
2470548
2485545
2491161
2496956
2505924
2506367
2521881
2522180
2542611
2544823
2549148
2582115
2600307
2610072
2615900
2621180
2622728
2648581
2653393
2656845
2657253
2662995
2669228
2682969
2684214
2696028
2703881
2703925
2728214
2730203
2731947
2743837
2775839
2783580
2789620
2792661
2801717
2805237
2809323
2828543
2848919
2849892
2856303
2865918
2869041
2876089
2919677
2921549
2924627
2925295
2933630
2933687
2974563
2977537
2979329
2990726
2991854
3000023
3001827
3019295
3031735
3037965
3042343
3063060
3071900
3072822
3080830
3100845
3117236
3122328
3125501
3127393
3131535
3143813
3150276
3168135
3182191
3191917
3195339
3238025
3250373
3262047
3264454
3268766
3283749
3290562
3304168
3337318
3352095
3371695
3386149
3392349
3394792
3395586
3397660
3402494
3409281
3417513
3428587
3434334
3440440
3442726
3456055
3458506
3460370
3463467
3470494
3474951
3475130
3485222
3485418
3500390
3506331
3512680
3514176
3526024
3535991
3540347
3549712
3552864
3557619
3564940
3569050
3569347
3574624
3576035
3577810
3588812
3590589
3590860
3613997
3624970
3633365
3634239
3642366
3647974
3664564
3667908
3670624
3673825
3678930
3690824
3691882
3692482
3697754
3707912
3711908
3713758
3716851
3722362
3727631
3729129
3738001
3738704
3746299
3756612
3760601
3776061
3778601
3798243
3801698
3802968
3803644
3812936
3820077
3821582
3821614
3821823
3831259
3850703
3851625
3860357
3863133
3876782
3883677
3888459
3898212
3899540
3908594
3913832
3926604
3926686
3929793
3930825
3943117
3961214
3963057
3964573
3964834
3966025
3967258
3988968
3992470
4003058
4015527
4022610
4029217
4029651
4030735
4036113
4038733
4052960
4057094
4057664
4059102
4061029
4070218
4096341
4112441
4117818
4128158
4133657
4134360
4136484
4151862
4159619
4162033
4166324
4167557
4169379
4186898
4190060
4213195
4215706
4220895
4221057
4237302
4238636
4241191
4247844
4248550
4288301
4291350
4297710
4313586
4318567
4347087
4351275
4378220
4378415
4385035
4397575
4401592
4410113
4420985
4421720
4427809
4430670
4435249
4449860
4470115
4471076
4498544
4523248
4527193
4531237
4531810
4532851
4537534
4546370
4553209
4558335
4569655
4572799
4577345
4583759
4585422
4587162
4589894
4591589
4591747
4598172
4602008
4609975
4615726
4623128
4635678
4638931
4647570
4661355
4673746
4682296
4685648
4686642
4687349
4710022
4713816
4718236
4725704
4730236
4735420
4773640
4781300
4782022
4785441
4786679
4791298
4792571
4797824
4806248
4826937
4831261
4837657
4846112
4858805
4860708
4863608
4870743
4892051
4900278
4903227
4908017
4909833
4910120
4910424
4912731
4926833
4948030
4957885
4972047
4979394
4979750
4982748
4984563
4990977
5044321
5045078
5062016
5065057
5075603
5076889
5086177
5090796
5107053
5107303
5110982
5118138
5119420
5120452
5129559
5136739
5138648
5144283
5151661
5185554
5187159
5194706
5194814
5200810
5205947
5215231
5216933
5224388
5232524
5232556
5237288
5238281
5240518
5246372
5247913
5264972
5265396
5266196
5272072
5276489
5278499
5287625
5298004
5307695
5317605
5340614
5344553
5349593
5369001
5372140
5381473
5382399
5383947
5387655
5389505
5401105
5421611
5479312
5488952
5490715
5493801
5500135
5507920
5510307
5516231
5524509
5536598
5570768
5573329
5575167
5586784
5592072
5592827
5594924
5596800
5600400
5602704
5613148
5613980
5626972
5632342
5633823
5650824
5652247
5652701
5665091
5672088
5674712
5685224
5691728
5707298
5708518
5713981
5720313
5747740
5780001
5795373
5796720
5797666
5807970
5830984
5851877
5859027
5887190
5892033
5896290
5896967
5901533
5922826
5934916
5942843
5948652
5955860
5967717
5979926
5984299
5991604
6007343
6011031
6013289
