1011107
1025550
1029883
1030707
1046152
1055429
1059534
1083461
1086399
1086861
1099267
1101522
1104822
1131239
1163735
1166598
1171273
1180094
1195581
1197918
1199530
1212037
1221469
1269458
1273420
1283521
1285744
1295244
1295756
1299945
1305462
1329130
1339723
1341405
1353106
1354732
1360883
1375490
1401399
1409568
1423734
1431717
1434232
1442329
1446646
1461397
1462721
1477746
1486278
1493478
1509572
1528208
1548005
1618980
1625878
1649829
1652105
1658020
1681244
1683287
1688801
1711434
1714332
1725425
1734873
1739464
1739973
1757368
1765922
1784109
1795622
1807755
1828905
1834486
1842112
1851414
1863874
1869062
1888433
1913759
1940407
1954106
1964008
1965448
1997836
2002745
2003441
2012240
2012428
2022421
2036611
2039311
2055631
2060714
2065240
2070559
2079703
2091405
2100505
2128472
2130431
2132713
2133842
2141817
2154277
2167824
2176166
2181971
2186327
2192527
2215599
2216752
2227016
2237078
2246028
2247875
2296746
2335961
2349960
2352838
2359044
2365229
2382981
2383842
2387642
2389243
2449060
2466003
2479943
2509901
2511654
2556637
2560840
2568420
2595111
2595900
2604157
2611272
2637203
2665299
2666009
2687953
2690379
2709187
2712007
2713285
2713804
2739625
2739730
2746360
2752812
2759498
2760350
2768101
2777870
2778781
2798387
2809323
2816318
2824726
2830425
2838333
2847481
2856066
2857089
2861271
2867384
2878018
2878114
2892977
2905693
2906443
2906631
2912323
2942875
2951408
2954439
2970129
2971547
2972079
2972260
2976520
3016422
3056365
3056577
3060633
3074749
3100887
3110713
3125137
3131136
3133376
3155614
3160254
3171043
3196380
3206748
3207560
3222603
3231666
3250287
3253300
3260580
3277168
3295361
3314858
3336851
3344296
3347068
3347217
3349106
3351808
3352095
3354451
3359625
3364895
3391968
3394792
3401042
3436023
3439906
3475130
3481311
3512678
3522692
3572361
3575459
3582824
3583154
3590589
3590860
3610728
3621671
3624970
3633365
3640686
3647974
3648293
3662333
3670624
3675833
3679230
3704994
3709894
3718767
3731687
3739782
3751513
3754821
3756458
3756612
3758148
3767285
3772657
3808945
3814804
3849564
3851625
3865852
3873520
3873531
3874464
3911503
3913058
3934810
3941091
3942846
3963780
3984476
3991311
3995941
4015527
4029097
4051488
4065840
4079030
4092614
4107650
4111310
4123837
4132365
4138725
4142367
4145006
4162033
4173252
4179182
4182256
4195922
4196195
4216951
4220183
4239589
4241364
4243240
4247844
4267338
4342112
4348801
4365639
4376288
4401592
4435249
4439316
4457827
4489035
4499365
4499937
4509767
4523248
4540782
4546704
4552320
4553142
4574932
4582177
4590944
4614104
4615726
4620671
4640772
4643258
4643974
4644612
4645148
4648385
4660130
4662116
4667837
4686642
4708116
4709125
4723129
4727082
4779646
4793693
4798260
4798974
4849548
4851241
4863438
4876054
4876538
4879838
4880728
4882994
4900278
4925931
4926483
4934684
4952083
4952809
4971699
4990608
4991697
5041961
5045140
5050024
5056065
5064038
5075036
5089842
5091903
5096820
5112181
5122107
5165415
5185575
5186545
5187159
5194759
5224388
5226215
5236857
5250253
5253309
5254041
5274077
5291304
5297959
5299807
5306830
5328356
5356826
5368427
5402637
5415266
5415475
5436506
5438009
5451825
5490715
5507920
5508897
5517576
5524125
5524908
5535407
5537911
5539299
5541648
5542009
5565953
5569568
5570377
5581911
5591707
5594924
5596681
5604660
5640548
5645189
5650246
5673211
5673223
5684203
5695553
5710533
5743329
5744598
5761274
5811211
5819962
5833609
5864429
5887414
5892738
5905187
5915592
5919447
5921681
5923145
5933556
5944659
5950744
5956171
5965924
5979926
5985949
6000024
6010783
6017300
6017391
6022862
