1057175
1066088
1090299
1135584
1137811
1148503
1152732
1192981
1218032
1283521
1316032
1409993
1461749
1581204
1668024
1688879
1729185
1879193
1911060
1915224
1944670
1949470
2097051
2150809
2162587
2193664
2208512
2244284
2246975
2267479
2397714
2429948
2476806
2564815
2619113
2849017
2865918
2867019
2883417
2933630
3056656
3072392
3157373
3273895
3343504
3379064
3415416
3558174
3564091
3617918
3638113
3655333
3730674
3845112
3860357
3949170
3970712
3984700
3987044
4082657
4118997
4182256
4235862
4241364
4337296
4384892
4524625
4548983
4594025
4672482
4699669
4711205
4713816
4740786
4755697
4768631
4768846
4809275
4830167
4846963
4936058
4979750
4990977
4999158
5021508
5029201
5088496
5129559
5167330
5216479
5224108
5226215
5228091
5276426
5285444
5308328
5312566
5349077
5352217
5369912
5370515
5387655
5415475
5445749
5448334
5497816
5510706
5524125
5537129
5569568
5583901
5636539
5701348
5710630
5764637
5779497
5811303
5887190
5892738
5903910
6000009
