1008783
1036507
1055158
1056380
1062730
1064092
1067903
1073123
1080579
1086214
1087179
1097195
1107127
1122190
1141620
1194263
1199530
1215197
1215214
1223592
1227628
1232106
1252124
1268060
1345784
1363646
1380259
1403694
1409431
1421328
1425795
1458414
1458522
1471825
1477433
1514023
1544605
1563007
1567297
1585654
1588775
1625216
1644381
1647363
1655674
1686728
1688801
1690013
1691025
1710894
1724833
1748480
1748572
1766788
1812043
1813515
1814321
1836036
1839014
1841559
1849034
1891189
1897249
1954433
1961920
1964613
1970230
1995860
2009483
2010052
2035368
2073400
2082554
2111662
2126449
2130431
2157018
2158907
2167824
2173838
2192040
2199935
2218895
2240157
2244284
2264600
2272041
2324644
2325793
2327131
2345223
2396721
2399534
2404928
2423067
2426032
2446782
2456173
2479943
2480442
2530239
2543603
2601902
2608359
2610555
2617989
2619006
2729075
2748432
2778896
2801070
2811089
2811122
2820864
2883182
2905366
2952584
2987850
3006017
3017193
3044566
3044904
3045026
3053545
3054484
3072601
3090697
3106204
3109236
3133779
3260807
3267348
3278276
3382767
3384282
3389367
3396036
3400243
3456055
3469752
3499552
3690824
4101250
4105388
4291865
4486430
4807323
4919005
4922924
4923230
4942947
4949052
5003088
5019586
5195860
5200810
5246035
5274077
5300791
5365675
5475018
5572695
5673467
5813260
5820271
5844056
5870776
5871675
5901889
5942419
5957602
