1195923
1205530
1209157
1420904
1425795
1462443
1466381
1489218
1526316
1533047
1593535
1710894
1720650
1794672
1814321
1902054
1983282
2157018
2168424
2172624
2307496
2578901
2589701
2690379
2781046
2803486
2899847
2904165
2936828
3044566
3170642
3298887
3303129
3315187
3315604
3319548
3325581
3354451
3372353
3375304
3401023
3420139
3424488
3430044
3438632
3442768
3447962
3452994
3455485
3507591
3619412
3673736
3676192
3682753
3687803
3687906
3692779
3693928
3695336
3695780
3697203
3707117
3709902
3736987
3743695
3744070
3753324
3787026
3787074
3811769
3817405
3853098
3866664
3941091
4112441
4120679
4121969
4136721
4232869
4273436
4285707
4325585
4377077
4539441
4568974
4570926
4571518
4710141
4723129
4899570
4902564
4907430
4916960
4952809
4957885
4978455
4981381
5007142
5012170
5018430
5088496
5176272
5180813
5207131
5257497
5390164
5438009
5470094
5483842
5567968
5578389
5802148
5858306
5883774
5936400
5956661
5995803
6016733
