1000200
1005153
1005250
1009520
1014221
1016415
1016898
1026801
1027097
1029137
1029883
1042153
1045874
1048898
1055771
1056380
1061815
1061832
1061857
1062730
1063616
1063891
1064092
1064548
1066850
1069638
1071580
1073123
1075828
1075999
1084597
1086861
1087179
1089532
1091427
1092109
1097195
1098946
1099712
1100674
1105508
1108084
1109172
1116925
1118130
1119240
1120487
1122190
1122384
1126311
1128725
1131421
1135195
1135292
1135668
1137183
1137325
1156781
1156940
1159263
1167835
1170061
1171643
1180320
1182904
1186844
1188995
1193536
1195275
1198133
1198299
1201385
1202189
1203178
1203477
1206988
1207009
1209298
1212037
1215197
1215214
1218336
1218828
1221469
1224699
1227260
1231113
1232106
1232142
1233498
1252124
1252884
1260019
1260396
1260744
1261270
1261830
1267353
1271117
1272267
1273042
1273420
1276098
1278067
1289336
1293187
1295041
1296590
1299103
1299945
1300428
1303662
1304061
1305462
1307347
1308103
1308815
1312156
1315388
1316962
1319358
1319514
1324670
1328618
1333974
1334899
1336703
1339795
1342059
1345890
1349089
1352081
1353106
1357561
1359447
1361298
1365810
1367202
1369166
1369427
1371563
1375490
1376274
1380187
1380259
1381077
1381567
1384713
1387430
1392195
1394577
1394618
1397921
1400749
1403146
1403694
1409568
1413124
1413303
1413517
1421537
1424205
1428599
1430725
1435982
1447264
1448250
1456725
1459206
1461039
1461397
1463974
1464224
1474829
1477460
1478462
1480980
1486278
1486615
1487300
1489218
1499208
1500693
1500813
1502998
1506962
1508951
1510689
1518409
1520503
1522846
1525937
1525995
1527247
1527436
1527502
1530748
1534437
1539355
1543851
1544866
1550364
1550532
1557978
1563007
1570794
1571551
1573354
1574548
1574754
1584533
1591974
1593444
1593860
1593970
1599470
1606234
1607399
1607611
1615063
1621438
1627292
1629703
1630581
1634509
1637718
1643341
1644381
1645050
1646268
1650312
1650467
1652105
1654561
1655386
1657260
1658020
1663344
1667368
1674838
1674975
1679255
1681244
1682642
1684199
1684351
1685134
1687960
1688722
1688801
1689310
1689995
1690013
1690543
1695690
1695982
1697196
1698842
1700216
1707601
1708218
1708481
1712056
1715783
1717482
1717918
1725425
1728806
1731834
1734200
1735079
1738934
1745883
1747704
1748572
1753861
1760642
1765479
1766510
1767086
1771138
1771845
1777625
1780323
1785060
1793543
1795622
1796638
1801123
1804109
1806859
1807755
1812084
1813024
1815095
1815610
1819007
1826651
1831176
1834486
1835045
1835241
1837313
1840083
1841965
1845167
1845284
1848576
1849034
1851414
1852313
1854037
1856058
1860506
1861359
1863019
1863874
1866015
1866468
1869062
1869138
1875485
1889623
1892709
1897155
1897249
1898437
1899541
1900090
1901113
1904190
1904906
1910223
1912709
1913759
1920172
1926823
1927549
1929807
1929813
1930566
1945620
1954123
1955379
1959999
1960837
1961227
1964008
1964613
1974925
1975368
1982130
1984857
1985968
1987494
1987972
1988078
1988934
2000531
2002745
2004949
2007614
2026638
2030876
2033181
2035368
2038144
2038912
2041894
2041970
2045830
2046807
2049205
2049216
2057976
2062960
2065485
2069742
2073400
2074253
2075989
2076489
2076649
2080560
2082554
2086599
2089876
2091013
2093288
2103056
2103226
2107415
2109230
2111071
2111452
2114710
2123140
2124756
2124813
2124927
2125289
2125960
2126195
2135019
2139336
2141817
2145344
2147663
2149670
2158907
2168424
2178991
2179992
2182619
2183999
2186327
2197211
2199001
2200787
2204727
2210928
2213625
2215599
2216752
2217127
2218895
2219916
2222620
2227285
2230761
2230926
2233794
2237078
2244134
2246280
2248081
2248253
2249991
2250707
2251725
2255642
2256672
2262383
2263855
2264600
2266232
2266363
2266822
2268350
2268810
2269338
2276236
2278179
2280677
2281919
2284783
2287733
2291748
2294347
2301097
2301625
2310100
2310916
2313143
2316935
2318908
2321701
2324644
2326776
2327131
2333421
2336745
2337907
2338172
2342983
2346796
2349191
2351128
2353365
2364375
2372055
2372636
2372698
2378581
2380232
2383842
2385980
2387642
2389563
2390757
2392980
2394830
2402100
2406675
2414026
2415655
2419053
2421590
2423384
2431464
2435684
2436237
2438239
2440205
2444152
2446323
2450118
2454479
2456173
2456776
2458654
2466003
2468851
2469880
2470798
2472324
2477708
2479943
2487851
2491717
2494499
2496924
2498471
2509901
2510236
2513782
2519195
2521182
2521881
2521902
2522180
2524850
2530239
2531038
2537336
2541181
2541448
2543603
2544346
2545737
2558704
2562648
2567862
2568175
2572586
2573672
2578901
2580521
2583982
2589060
2589701
2590295
2594235
2599610
2604157
2611272
2617989
2619175
2622785
2624335
2639019
2645819
2647073
2651163
2656845
2657680
2658457
2664640
2669399
2669815
2677703
2679427
2685653
2687527
2688902
2696576
2697965
2700738
2701351
2701463
2703881
2704276
2711526
2712650
2715333
2718590
2724398
2728058
2729075
2729565
2730395
2731947
2735664
2739730
2745352
2746735
2752414
2753940
2760576
2770915
2771385
2775839
2777297
2777359
2777870
2778982
2788001
2799591
2811089
2812551
2814079
2830425
2839182
2844815
2847329
2847770
2849017
2849020
2857089
2868828
2871860
2872831
2874046
2874942
2875636
2878018
2878114
2889657
2892740
2892977
2895236
2895558
2902301
2903827
2905366
2905625
2906631
2912323
2913233
2914543
2920098
2923898
2929798
2930651
2931867
2936828
2941331
2947653
2964578
2967530
2971547
2977537
2978930
2979329
2979565
2982064
2984604
2987850
2991089
2991854
3006411
3009723
3010784
3017336
3030560
3033030
3034778
3036555
3036896
3037965
3039817
3042093
3043629
3046166
3047753
3051695
3053061
3059140
3060134
3063060
3072822
3079634
3079901
3082815
3084878
3090697
3090972
3091942
3094431
3104052
3104144
3106204
3107631
3117897
3124949
3125137
3125501
3125734
3132751
3133779
3141115
3143244
3144198
3160254
3169985
3177468
3182699
3188938
3195339
3206748
3208658
3223796
3238025
3240377
3242992
3249577
3252571
3256701
3258043
3268023
3269528
3277168
3281605
3284789
3304168
3312742
3315264
3341892
3348022
3351808
3364895
3365369
3387145
3387954
3394415
3407843
3411588
3415007
3419182
3423202
3428778
3428814
3431300
3432664
3434334
3440440
3445410
3456703
3457623
3458276
3460370
3470263
3479846
3483447
3483959
3485222
3488064
3490624
3490692
3503366
3526024
3532300
3536343
3555919
3560427
3561612
3567645
3574088
3574624
3579950
3584448
3597214
3597992
3618952
3619839
3622048
3658056
3670624
3674999
3705098
3720316
3736285
3744190
3750909
3754821
3756458
3760601
3764123
3770840
3773157
3775388
3777689
3778042
3781990
3782732
3790185
3794434
3801423
3803297
3820285
3825888
3830257
3833388
3833685
3836613
3837918
3843165
3845135
3847301
3851625
3852103
3853054
3856805
3862955
3869395
3870162
3873368
3875262
3885751
3892862
3903483
3904461
3908717
3915768
3919691
3919974
3920070
3925363
3928752
3929883
3936325
3956378
3964311
3965697
3974027
3977740
3978998
3979301
3984476
3991311
3997862
3999099
4002329
4009108
4025168
4029097
4029651
4034837
4037802
4052608
4055868
4074833
4090161
4092319
4092842
4093893
4111310
4113158
4117547
4118685
4123837
4128003
4129872
4139588
4142367
4148266
4150977
4152988
4154520
4155659
4156811
4160514
4161718
4167364
4169379
4171832
4187156
4189895
4191729
4196862
4198236
4199661
4200386
4201051
4204643
4206567
4215307
4217802
4218091
4227499
4228315
4232898
4236911
4237302
4239643
4252540
4256648
4263360
4268711
4272304
4273498
4273551
4273873
4275500
4276299
4277810
4280815
4280987
4284300
4284840
4290257
4290728
4299616
4303824
4304028
4311768
4314201
4314227
4317339
4342005
4344880
4363025
4368417
4373748
4384423
4387550
4388390
4412846
4418366
4423149
4435249
4437734
4465268
4468505
4473769
4484206
4496431
4498171
4498493
4498544
4499365
4499937
4501990
4507511
4508407
4515010
4519591
4527681
4540699
4541329
4546370
4546704
4547630
4549564
4551667
4553538
4560494
4563542
4565576
4569364
4571412
4578538
4581362
4582619
4582763
4582854
4583847
4584289
4585180
4589894
4596074
4598241
4599880
4603550
4605438
4613738
4616012
4617896
4623128
4624677
4631315
4632503
4635094
4637841
4638201
4640772
4643974
4644361
4647228
4654423
4656241
4662116
4665883
4666148
4667569
4669215
4673746
4681310
4682296
4685648
4686135
4686642
4687349
4690578
4691337
4696032
4697501
4701066
4703319
4706698
4708840
4710022
4712566
4713154
4715410
4719686
4727082
4729437
4730799
4731495
4733024
4733139
4737457
4746707
4750368
4750583
4752041
4753649
4755543
4756776
4774781
4778509
4781220
4783458
4784260
4785210
4785375
4785441
4787289
4788053
4789453
4793840
4798974
4800234
4805032
4806946
4814629
4815421
4816205
4816935
4821454
4830296
4831140
4834687
4835591
4840218
4842170
4842252
4842524
4848950
4849548
4855554
4858816
4863235
4866145
4866562
4867353
4867461
4867634
4867943
4873700
4879350
4887421
4892051
4892533
4900278
4901058
4904401
4908288
4910424
4916306
4920636
4937110
4937572
4941679
4947066
4949043
4950695
4952809
4953753
4958937
4964477
4964543
4969375
4972047
4978345
4980132
4984563
4993735
5002278
5007953
5011762
5015716
5019045
5020946
5022662
5033014
5033425
5037154
5041202
5044920
5045483
5046085
5053143
5056325
5060621
5060856
5061262
5064155
5065057
5067452
5067905
5068879
5069671
5075036
5075603
5085948
5101324
5103454
5104803
5108274
5109424
5112181
5113759
5114662
5118138
5118566
5119417
5120819
5123184
5123202
5125796
5128658
5128866
5134281
5137662
5140534
5151940
5157060
5173625
5184060
5193496
5194706
5199263
5202097
5210786
5211474
5213312
5214423
5215231
5219743
5222421
5223348
5232556
5235907
5236407
5247470
5250253
5252349
5253309
5254149
5259072
5261130
5266682
5270050
5270984
5272039
5272145
5275614
5276489
5278037
5284592
5285037
5286604
5287625
5289579
5291013
5291304
5292970
5293138
5293797
5294066
5299807
5300503
5300970
5304985
5305254
5307135
5309061
5313290
5317605
5320122
5320314
5323630
5327357
5328970
5339481
5339527
5340277
5341587
5344553
5347526
5348271
5348767
5350206
5350374
5351482
5355702
5355719
5356088
5356826
5359042
5360265
5360976
5365358
5368479
5372140
5372772
5375570
5375743
5376162
5379693
5381283
5384001
5389505
5395350
5401328
5405497
5406512
5408517
5410631
5410736
5412791
5417088
5421611
5422339
5428423
5430780
5432767
5436506
5438561
5444833
5453485
5480881
5490715
5500135
5500399
5501079
5502500
5507489
5507920
5511330
5535016
5535407
5540503
5541648
5551853
5552803
5561454
5561765
5573329
5587809
5596681
5634357
5644187
5668155
5673223
5677696
5681214
5693886
5695553
5708227
5708518
5709160
5710428
5723519
5733526
5756383
5761226
5796720
5803827
5823718
5827316
5829166
5831289
5836243
5841126
5847748
5851483
5851684
5864244
5866883
5877840
5899221
5901942
5908842
5915592
5926798
5927860
5928928
5938031
5945249
5950558
5950744
5972510
5985114
5985721
5995577
5996654
6007343
6007472
6009041
6010783
6023765
6024254
6025246
