1101708
1157149
1180623
1202189
1276510
1278067
1305665
1331954
1373109
1388640
1433116
1447264
1462443
1467611
1486278
1508849
1552535
1583570
1627725
1675502
1695690
1754379
1881839
1897249
1908740
1915224
1933510
2004342
2032252
2035312
2135019
2258170
2262383
2295185
2417151
2469880
2558704
2574831
2656251
2738307
2962333
2972079
2977537
3006411
3177489
3178577
3231370
3344238
3402641
3518278
3560825
3575830
3583154
3593968
3635639
3657749
3664943
3684280
3718767
3814440
3826689
3840226
3848556
3941648
3950393
3974748
3981911
4016995
4084567
4112441
4128105
4131962
4199493
4247844
4279639
4298473
4307942
4329393
4351762
4370728
4489035
4559310
4571188
4585390
4589417
4590944
4602316
4606230
4615726
4631315
4665702
4715548
4727082
4728431
4733139
4773640
4793429
4805412
4808303
4866562
5035391
5089507
5108484
5111103
5128375
5186795
5194587
5211474
5214712
5222680
5228091
5274077
5348883
5366511
5538677
5734745
5744842
5780302
5894155
5905187
5918907
5929399
5948652
5949961
