1333691
1556540
1568085
1570975
1634711
1638992
1644986
1671315
1700216
1772786
1796747
1802858
1837780
1841559
1845004
1869138
1950700
1955850
1993452
1998593
2076426
2110927
2192899
2466938
2500977
2539085
2550817
2626388
2687991
2701176
2828725
2829593
2839420
2876792
2901587
2903716
3019936
3255280
3369516
3376841
3395557
3449661
3503366
3669879
3737349
3841788
3867127
3870388
3963976
4025861
4045870
4073730
4096402
4096434
4166169
4181610
4340585
4386438
4386754
4430670
4483698
4485861
4524404
4533108
4615824
4682976
4713652
4828871
4891188
4929491
4984146
5087661
5286295
5290009
5446743
5477497
5502500
5561765
5582321
5617734
5622892
5630309
5634460
5681469
5709580
5757566
5770610
5835647
5836243
5876879
5880100
6003031
