1881839
5415475
2157018
4570926
3170642
5207131
3045026
4916960
4807323
2130431
1983282
3109236
1849034
5257497
4710141
3718767
2172624
3298887
2781046
3396036
1690013
6016733
4974344
5631374
2904165
5567968
5893947
5191008
5194658
5572695
3753324
2778896
4981381
3128830
1381077
1514023
4121223
1837474
3611028
3654720
4872437
4936727
4016995
4105351
3044566
5140945
4799867
4293043
3399470
1425795
3178577
5467429
5228091
3987044
4788576
3157373
2811122
5120342
1675796
1118130
5929399
1137811
5744842
1293223
5901889
3814440
5111103
1897249
3065514
5222680
2103226
5015419
1537113
5226215
1005620
1593535
2573334
1315598
3941648
4921353
1101708
4542753
