1027461
1043859
1050334
1056166
1075711
1086214
1097195
1103807
1116993
1122755
1135584
1137811
1152732
1181685
1183902
1192981
1223764
1248346
1262010
1283521
1293402
1356006
1370445
1430579
1431717
1441894
1461749
1466381
1469780
1473327
1520503
1525995
1577842
1588323
1588775
1591974
1592062
1594328
1599341
1627292
1628951
1632108
1664897
1674975
1678238
1686728
1729185
1748234
1754379
1759811
1794672
1809938
1814321
1815408
1826255
1836719
1854037
1863874
1879193
1908241
1944670
1964008
1965448
1983505
1995371
1997836
2000531
2021595
2022399
2051859
2060714
2082554
2087667
2135803
2150809
2160855
2162587
2169802
2172338
2192527
2199935
2200787
2244284
2258015
2262407
2263899
2280677
2294026
2296991
2316513
2326776
2345223
2370727
2403614
2406675
2408709
2411536
2415378
2418157
2421289
2423889
2428182
2441497
2463454
2544575
2548777
2554140
2562969
2587610
2594452
2604157
2610520
2615650
2650934
2665542
2667643
2718662
2761765
2795968
2811181
2837249
2875789
2925657
2952584
2975392
3051695
3088397
3100871
3115551
3157373
3169422
3172381
3185826
3193810
3204335
3210708
3233503
3273895
3297790
3324702
3351928
3388867
3415416
3426487
3430957
3431667
3456055
3460249
3498454
3499552
3513209
3518508
3558174
3582288
3591843
3615744
3631529
3662305
3692567
3707117
3763108
3787026
3817405
3830371
3836957
3858072
3881482
3895845
3915288
3919974
3923532
3931433
3936351
3941091
3943628
3949170
3974027
3984700
3987044
3991311
4016995
4022919
4078096
4101250
4144622
4182256
4185957
4199493
4206103
4228416
4241364
4273141
4305525
4334688
4337296
4338384
4357682
4378559
4389701
4395579
4422737
4435666
4459281
4524625
4537701
4553164
4594088
4595621
4606230
4641913
4642342
4711205
4768846
4798540
4809275
4816205
4837389
4838323
4842170
4872774
4875888
4881998
4883162
4891737
4897589
4898416
4942947
4969592
4990977
4991230
5000391
5063458
5074378
5075390
5078008
5164138
5166977
5170164
5200810
5214712
5216479
5226215
5260042
5297088
5320122
5368100
5373654
5391744
5415475
5444638
5453812
5472572
5479733
5501079
5508558
5523378
5524125
5525023
5533726
5540535
5542009
5542620
5542870
5569568
5636539
5645049
5646108
5694841
5701348
5721805
5743178
5772561
5779497
5782645
5791815
5811303
5816202
5917851
5957602
5995577
5999660
