1000861
1101522
1101708
1157149
1180623
1251994
1276510
1278115
1344368
1373109
1388640
1401848
1433116
1447264
1467611
1478568
1508849
1514023
1552535
1559041
1583570
1627725
1675502
1727322
1729185
1785103
1842112
1863874
1881839
1897249
1908740
1915224
1933510
1959999
1970230
2004342
2020566
2035312
2097051
2135019
2192040
2197028
2258170
2262383
2295185
2322283
2324484
2325793
2417151
2469880
2476806
2574831
2595111
2656251
2685653
2712650
2738307
2788001
2858752
2889657
2935258
2962333
2968190
2972079
2977537
3004928
3069536
3088865
3178577
3217559
3231370
3239879
3242168
3303129
3319548
3344238
3345753
3382767
3402641
3415007
3483959
3518278
3532300
3536609
3560825
3575830
3583154
3593968
3635639
3657749
3664943
3684280
3690824
3709894
3718767
3814440
3814804
3826689
3828343
3840226
3848556
3941648
3950393
3964573
3974748
3976037
3981911
4016995
4022739
4024632
4029651
4052662
4057498
4084567
4112441
4123837
4128105
4135133
4198708
4235862
4247844
4276523
4279639
4291865
4298473
4411810
4489035
4498171
4559310
4585390
4589417
4615726
4631315
4638509
4640772
4665702
4701066
4723129
4727082
4808303
4816205
4830167
4866562
4919005
4949052
4978455
4990958
5026062
5035391
5089507
5108484
5111103
5128375
5186795
5194587
5223348
5228091
5291304
5348883
5360976
5366511
5438009
5510706
5538677
5673467
5710630
5733526
5734745
5744842
5766681
5780302
5803827
5824444
5847748
5870776
5875059
5892738
5894155
5918907
5927574
5929399
5948652
5949961
6014983
6020119
