1003257
1005250
1008783
1014221
1023515
1026801
1027097
1029883
1043691
1044224
1050043
1055429
1056380
1061857
1066850
1083461
1084597
1086861
1087179
1088424
1092109
1098946
1102340
1103807
1107904
1109172
1116925
1119708
1126311
1129832
1132244
1135195
1135292
1144077
1156896
1156940
1167835
1171273
1180320
1181685
1186844
1188995
1198133
1206988
1212037
1212462
1215886
1218336
1221469
1223931
1227260
1232106
1233848
1240180
1260396
1264962
1265011
1269007
1271878
1272267
1273420
1278067
1283748
1283926
1284449
1288276
1289336
1293187
1295756
1299945
1300428
1304061
1304238
1304633
1307347
1308103
1316962
1318791
1319514
1331954
1333974
1345890
1350830
1352081
1359343
1365810
1367202
1369166
1369427
1370445
1371563
1380187
1380259
1384713
1390489
1397921
1403694
1409431
1409568
1413303
1414818
1415385
1421537
1430725
1430883
1435884
1456725
1459206
1461397
1466381
1466871
1477433
1477460
1486278
1486615
1506962
1508951
1515259
1518806
1520503
1522846
1523183
1526698
1527247
1538697
1540088
1543851
1544134
1544605
1544742
1554544
1554852
1563007
1574754
1584533
1591974
1592196
1593970
1594984
1599341
1599470
1603010
1604054
1604178
1606234
1621030
1625216
1627725
1628023
1629703
1637718
1643341
1644381
1647462
1657260
1658020
1661290
1669715
1673099
1677505
1681244
1683287
1684199
1685170
1686455
1687960
1688722
1690013
1690481
1707601
1708481
1708734
1711118
1715783
1717482
1720650
1725425
1731834
1731888
1734200
1735079
1741570
1750622
1754379
1757368
1757722
1761001
1764602
1766510
1766788
1771845
1772302
1779098
1784109
1786492
1788518
1794672
1802858
1804109
1806761
1813024
1813515
1815095
1817875
1834486
1835045
1837313
1839014
1841559
1845004
1848576
1851414
1854037
1856058
1861166
1863874
1869062
1879468
1881839
1891189
1896447
1897155
1899257
1899541
1901113
1901791
1902054
1904906
1910223
1915224
1924341
1925239
1929807
1933510
1933817
1945620
1954123
1961227
1964613
1965448
1970230
1971897
1982425
1984857
1987494
1988601
1995860
1997836
2000760
2004949
2007614
2007691
2022421
2024729
2026638
2035368
2038912
2041970
2045830
2048479
2048590
2051859
2060925
2063302
2063842
2065485
2069742
2074253
2076489
2087667
2103212
2107300
2107415
2109230
2119076
2123140
2125289
2135019
2135236
2145344
2150809
2152664
2157018
2169802
2172338
2179992
2182208
2183999
2198166
2199001
2200217
2211980
2213625
2215599
2216752
2217127
2224862
2237078
2240157
2244134
2244284
2246280
2247875
2248081
2249991
2250707
2251725
2251883
2255642
2258015
2260547
2262383
2263361
2266232
2266822
2269338
2280677
2287733
2291748
2293700
2296991
2301097
2301625
2309254
2310916
2316513
2316935
2318908
2321454
2321701
2324484
2327131
2329816
2333421
2336745
2342962
2345223
2353365
2362155
2365700
2367651
2379280
2380232
2383842
2387642
2389563
2390258
2390757
2394423
2402100
2408709
2413078
2417265
2418301
2422028
2423384
2426032
2428121
2428182
2444152
2446782
2451848
2456173
2458654
2464447
2469463
2469880
2472064
2477708
2497234
2501697
2503774
2510236
2521902
2522180
2524850
2530239
2533665
2543538
2543603
2548777
2551720
2554140
2554420
2558704
2562648
2581119
2581592
2587610
2594235
2599610
2604157
2608024
2610520
2610555
2611272
2615159
2616630
2619175
2621292
2622785
2626935
2635321
2637203
2639019
2647073
2651163
2658457
2663879
2664640
2665619
2667643
2669815
2684214
2685513
2685653
2686252
2687527
2690379
2691031
2693981
2697965
2703881
2707509
2718590
2718699
2728058
2729075
2729565
2730395
2731947
2732589
2735909
2736471
2739625
2743463
2746735
2752812
2754585
2755724
2763004
2775839
2777359
2778982
2788001
2799591
2800543
2806081
2811089
2811181
2812551
2820864
2822379
2830425
2831992
2838333
2847855
2850173
2852968
2857089
2858752
2868828
2872501
2875636
2878114
2889657
2892740
2905625
2905901
2906631
2912323
2929798
2935258
2949154
2951791
2960058
2960779
2967530
2968190
2970352
2971495
2972079
2972260
2972748
2979329
2979565
2984604
2991854
3006411
3007832
3009723
3010784
3017336
3026188
3034497
3036555
3046166
3056577
3060313
3063060
3082815
3084878
3094431
3100442
3101299
3104052
3107631
3117897
3133779
3138981
3148903
3150339
3152206
3160254
3167943
3169985
3171038
3171582
3177468
3177489
3182191
3182699
3185799
3185826
3197858
3199413
3205239
3208658
3209299
3209328
3211406
3214764
3218570
3223796
3228713
3235590
3238025
3240377
3240929
3241724
3242992
3252571
3256701
3258043
3260580
3267348
3268023
3269528
3273895
3277168
3284789
3290921
3297010
3304168
3306102
3315604
3341892
3351808
3352095
3354451
3365369
3373313
3373853
3379064
3382767
3384282
3387145
3387954
3388867
3389367
3391968
3394415
3394792
3401023
3406177
3419182
3420139
3425738
3428814
3434334
3436023
3438632
3440440
3442184
3442768
3445410
3447210
3452994
3456703
3459048
3474345
3479846
3483959
3485222
3490157
3495042
3499552
3507591
3509401
3513209
3514430
3525511
3532300
3538682
3555919
3561390
3567645
3573829
3574384
3574624
3582288
3583154
3584448
3587167
3590638
3597214
3601800
3615995
3618952
3619307
3619412
3622048
3631529
3642366
3658056
3670624
3673825
3676192
3687906
3693405
3693596
3695780
3697172
3707823
3709902
3716100
3719077
3726728
3727250
3736534
3736987
3744190
3750909
3754217
3754821
3756458
3763108
3765656
3774475
3775388
3781990
3787026
3794211
3794434
3807012
3814440
3814804
3820077
3820285
3825888
3827284
3830257
3833388
3833685
3837918
3843165
3845135
3846393
3846666
3851625
3866664
3869395
3870162
3872663
3873520
3873531
3875353
3885751
3892862
3898364
3899935
3900440
3903483
3904461
3913060
3915768
3919974
3921464
3928752
3931697
3936043
3937002
3937799
3938441
3939511
3942846
3946062
3948578
3948807
3950393
3956378
3957215
3964573
3965697
3974027
3979301
3980751
3982908
3984476
3991311
3992470
3995941
4002329
4003890
4009108
4014139
4017351
4022919
4025168
4028435
4029097
4032637
4047917
4055549
4059866
4063562
4070218
4074833
4085487
4096341
4097074
4101250
4115544
4116291
4118471
4118997
4122496
4123837
4128041
4129872
4131962
4133000
4134360
4136721
4138725
4141152
4144057
4148266
4150977
4152988
4155659
4156811
4161718
4169379
4175245
4187156
4189895
4199211
4199493
4199661
4200386
4204643
4215307
4227371
4227499
4232869
4235862
4237302
4239988
4240486
4260893
4263360
4268711
4272304
4273498
4273873
4277810
4279639
4280815
4285707
4289341
4297886
4299616
4303824
4304028
4307942
4311768
4314201
4314227
4317339
4330637
4334688
4337296
4343702
4368417
4368627
4376553
4382190
4384423
4387550
4389924
4395481
4398986
4400732
4402755
4410345
4412846
4415717
4422737
4423149
4423651
4426331
4435249
4447950
4450238
4456840
4469374
4473769
4484206
4486430
4486653
4489035
4493746
4498171
4499365
4499937
4504004
4504210
4507511
4508407
4512242
4519591
4524068
4524578
4527681
4535835
4537376
4541329
4546370
4547630
4552320
4553142
4553209
4559310
4560494
4565576
4567768
4569364
4571188
4574932
4581362
4582619
4582763
4583847
4589417
4589894
4590944
4599880
4601864
4602316
4606230
4611696
4613189
4613738
4615726
4635094
4643974
4647779
4677573
4678907
4682296
4686551
4690578
4696032
4697501
4701066
4712932
4715410
4717780
4718692
4724678
4727082
4730799
4731495
4733819
4746721
4752693
4754342
4755543
4756776
4768063
4779432
4780973
4781220
4788053
4789453
4793429
4793693
4798974
4800234
4805412
4814629
4815421
4816205
4816935
4821454
4830167
4830296
4831261
4834687
4837389
4838323
4840218
4842170
4849548
4858805
4866562
4870886
4873700
4876195
4882655
4885868
4891616
4892051
4898416
4899570
4900278
4901058
4910842
4919005
4920349
4928295
4930357
4937110
4937572
4942947
4949052
4953753
4957885
4958937
4964477
4968353
4971981
4977565
4978455
4979741
4979915
4980132
4991230
4992627
4993892
5000391
5000537
5000688
5001532
5002278
5019586
5020946
5022994
5029201
5036191
5056065
5056325
5059709
5060165
5064155
5073814
5074378
5075036
5075390
5081894
5088496
5089732
5095045
5101324
5109424
5113759
5119420
5125796
5137410
5139850
5151940
5164973
5173625
5180602
5180813
5189055
5191358
5193438
5193496
5194706
5195860
5199263
5199972
5200091
5200810
5205793
5206720
5210786
5212799
5213599
5214423
5215231
5216342
5216631
5222421
5222680
5223348
5224388
5229213
5232556
5235907
5236857
5237225
5254149
5257474
5259072
5260042
5261130
5268003
5272039
5274077
5278037
5280731
5284649
5287625
5288519
5297088
5299807
5300503
5304159
5304579
5304985
5308328
5312566
5314602
5320122
5320314
5328356
5328970
5339481
5339527
5341587
5348209
5351253
5355719
5356826
5359042
5363200
5368100
5368427
5372772
5381578
5382886
5391744
5395794
5402637
5405497
5406512
5412791
5416108
5421611
5422299
5428423
5438561
5445749
5446421
5451825
5452130
5462903
5472143
5472572
5480881
5482128
5490715
5493223
5498164
5500135
5500399
5501079
5503273
5506719
5507489
5507920
5508558
5508897
5509865
5510307
5511330
5516231
5522823
5524509
5525902
5533360
5533726
5535016
5535407
5537129
5538677
5539299
5541648
5543487
5552803
5561454
5564364
5572695
5573329
5574409
5579070
5579522
5591707
5607724
5608637
5608918
5611009
5620168
5621666
5634357
5641501
5654748
5660075
5660831
5661558
5672046
5673223
5681214
5693727
5694841
5695553
5702330
5706513
5707942
5708518
5710428
5710533
5711062
5713631
5714119
5721805
5731233
5733526
5740044
5741537
5743075
5743329
5753882
5756383
5766681
5769152
5772754
5785133
5794707
5796720
5803657
5803827
5808164
5811211
5818300
5819134
5820271
5823718
5841126
5858306
5865235
5870776
5871675
5898039
5903910
5905187
5917851
5920096
5922826
5930716
5938031
5942419
5945249
5950002
5950558
5951698
5972510
5986292
5994164
5995671
5997890
6003514
6004913
6010995
6021919
6022862
