1041562
1076894
1124514
1188618
1191242
1192981
1193598
1200741
1212462
1218032
1273290
1283521
1296590
1304962
1305665
1339587
1400335
1430725
1455241
1461749
1486278
1494028
1509572
1533047
1543851
1555680
1625715
1627292
1644381
1651407
1652105
1686728
1687410
1689310
1695690
1707601
1724766
1729185
1777625
1800100
1814321
1837313
1842005
1863874
1879193
1910118
1917176
1944670
1951520
1993452
1995371
2000531
2082554
2105462
2111395
2113161
2162545
2162587
2176166
2186327
2189934
2192040
2199935
2239815
2246280
2267479
2316935
2337982
2354060
2392269
2397714
2401434
2411536
2444152
2456173
2489104
2531912
2543603
2564815
2582115
2729075
2750811
2752812
2823072
2829005
2834802
2868828
2888744
2893968
2952584
2968051
3006411
3038317
3043629
3074749
3110713
3121930
3157373
3165601
3169985
3199413
3306885
3314858
3315264
3319548
3325581
3341892
3384282
3401042
3415416
3430044
3536343
3558174
3587872
3620494
3630718
3648293
3676936
3704994
3728280
3756612
3814804
3817405
3828343
3851625
3873520
3894803
3901108
3903483
3936199
3964573
3970712
3984700
3987044
3991311
4052662
4078096
4084567
4094658
4144622
4182256
4204643
4217802
4256648
4299556
4331325
4336626
4364320
4370175
4395481
4428903
4435249
4441049
4508407
4522809
4524625
4548983
4551667
4613189
4643974
4708840
4711205
4719686
4730148
4768846
4787191
4789522
4798974
4805032
4809275
4814493
4830296
4856279
4867353
4870436
4879686
4889354
4919005
4942947
4990977
5056065
5062016
5088496
5108274
5110982
5119420
5134281
5171240
5214712
5222680
5381996
5384001
5436506
5442983
5451825
5458550
5510706
5524125
5525023
5529985
5542009
5569568
5636539
5645049
5646108
5652247
5661558
5668351
5684212
5701348
5703152
5711062
5737426
5757020
5779497
5782207
5820271
5837510
5851684
5852036
5858306
5871675
5890234
5892738
5898039
5905187
5928928
5942419
5959734
6000024
6000172
