1000695
1005153
1014104
1031292
1066088
1083035
1087179
1091427
1104822
1113142
1115518
1118130
1118884
1126311
1135584
1137811
1171589
1181367
1194263
1195275
1196636
1199530
1216325
1233498
1248430
1248492
1260046
1271761
1276565
1300428
1302950
1303676
1305261
1313275
1315974
1318064
1328400
1357586
1381077
1385021
1387430
1403828
1425795
1431558
1436695
1441643
1461493
1467918
1471401
1484119
1484210
1490359
1498426
1512658
1523302
1524939
1538939
1538972
1540624
1541539
1548022
1560539
1571971
1584338
1593535
1603811
1625216
1637718
1647330
1648939
1668484
1690013
1721533
1725425
1727394
1760355
1767814
1786117
1803316
1812598
1820354
1821643
1823752
1835707
1837057
1842407
1849002
1849034
1850224
1858786
1874256
1882236
1882453
1888433
1901934
1910039
1928468
1940126
1953430
1959795
1973158
1984992
2001593
2012744
2019344
2035838
2036829
2040468
2043918
2047171
2057694
2070559
2091013
2106350
2120421
2120909
2131206
2143495
2150809
2157018
2164462
2172624
2193945
2194624
2199935
2230183
2230761
2244450
2252154
2258170
2261149
2262971
2270657
2275746
2283383
2308801
2315623
2322559
2327131
2332159
2334911
2336461
2347698
2361143
2363045
2383842
2385980
2388347
2404674
2411001
2421754
2422124
2427928
2431423
2432183
2446590
2451285
2451519
2456129
2459925
2460170
2501767
2504014
2511654
2516760
2517542
2520962
2524558
2530551
2545090
2558096
2584127
2601006
2610555
2611362
2619739
2623572
2649397
2662645
2675434
2677957
2691990
2696028
2714581
2718590
2727035
2732589
2739730
2755217
2756617
2788038
2791655
2820941
2821252
2822379
2837001
2842604
2863845
2875110
2877295
2883248
2904165
2918646
2945287
2955591
2960727
2970980
2979862
3008882
3010861
3040258
3046740
3109236
3116837
3125501
3125734
3146525
3160254
3170376
3170642
3171043
3177468
3178485
3191917
3191920
3193091
3194031
3225495
3227109
3227488
3230498
3244424
3250287
3260807
3268023
3282298
3291016
3298110
3313984
3330837
3340645
3351650
3351674
3352417
3354604
3362126
3371890
3372429
3373853
3374888
3384282
3393700
3396036
3428313
3432804
3435524
3447210
3452994
3461866
3463467
3478600
3490157
3494814
3538654
3574384
3575411
3579536
3589156
3590363
3590860
3616613
3621384
3631128
3658056
3660383
3668269
3670624
3685317
3697268
3721003
3725944
3738786
3752845
3762586
3771452
3771933
3790191
3793251
3793669
3802968
3820077
3820285
3835874
3836495
3842739
3846393
3853098
3861173
3876819
3897907
3929635
3930825
3951375
3951920
3958494
3987547
3989960
3997390
3999929
4007039
4021689
4021991
4022257
4022919
4028737
4030682
4040924
4061658
4066683
4070218
4080821
4082657
4092614
4093438
4094917
4095455
4099966
4105926
4112119
4112238
4115419
4148376
4165188
4196386
4196862
4238830
4246057
4254048
4262772
4267472
4278825
4292994
4293043
4307942
4327211
4339562
4353255
4383066
4384423
4387095
4403657
4409659
4433656
4436962
4464097
4468594
4484879
4490165
4500687
4502672
4519165
4525586
4531237
4539369
4541674
4549300
4551448
4568974
4575097
4604314
4627366
4635141
4649944
4664573
4665069
4667895
4673883
4678827
4683984
4710141
4714208
4715323
4715617
4723379
4726441
4741061
4752105
4755876
4765062
4785210
4800044
4801097
4807323
4814264
4848334
4856403
4880248
4880483
4890393
4893419
4901317
4913604
4914929
4926833
4936727
4943804
4949052
4978574
4997115
5000391
5015419
5025173
5031398
5041539
5045574
5052934
5061646
5080435
5117997
5129559
5144283
5151936
5171803
5180813
5190093
5195417
5202097
5205040
5205527
5207131
5216479
5226417
5232524
5246372
5247940
5253877
5270602
5280731
5281948
5282895
5285444
5310469
5315018
5317605
5326976
5328078
5344553
5351285
5385426
5389365
5412568
5415475
5416463
5424644
5428495
5442587
5446362
5448052
5458023
5464847
5483598
5507920
5514466
5541562
5567968
5572695
5573123
5583901
5591707
5594924
5596296
5600400
5610003
5610366
5611241
5620308
5634263
5652308
5655321
5655426
5655563
5656309
5684203
5686485
5689860
5704648
5734473
5818901
5820304
5831147
5838766
5840223
5844056
5853848
5884657
5890234
5890830
5895847
5901889
5902764
5922906
5945038
5951099
5957602
5963892
5970450
5973383
5992851
6001928
6002324
6007414
